1494
121 165 227
136 48 210
222 151 225
200 96 241
78 221 169
151 122 203
224 248 226
103 26 169
152 235 173
143 129 207
111 191 212
63 125 105
34 60 109
52 224 159
136 70 205
154 120 250
97 118 114
26 240 198
92 18 102
67 207 91
76 118 143
69 198 221
20 220 204
152 197 235
242 191 251
115 77 185
62 166 140
23 118 180
80 153 184
181 55 188
120 19 128
57 236 234
246 59 251
170 80 235
124 184 173
87 160 200
45 244 202
249 203 249
7 182 203
55 100 178
29 239 216
98 22 240
214 44 241
12 102 175
150 78 175
242 232 249
63 196 230
182 92 233
40 71 143
209 13 210
116 69 121
193 98 221
221 52 244
13 135 50
45 16 128
21 175 147
162 236 181
235 163 244
161 120 190
220 206 220
111 131 208
91 171 239
134 46 213
164 69 197
57 218 125
150 138 237
47 80 54
250 94 251
250 243 252
249 116 252
70 122 91
190 59 251
158 131 160
9 144 12
103 135 158
121 157 146
50 202 145
115 213 206
252 40 254
192 162 221
46 14 242
82 47 223
172 44 187
29 2 164
52 190 204
79 229 157
191 136 206
89 208 116
20 197 163
238 163 241
183 250 214
219 144 232
126 225 238
195 209 250
171 107 224
207 99 228
36 159 71
149 192 243
105 197 243
192 52 209
168 198 220
129 110 130
23 154 74
132 209 216
77 224 223
1 61 60
75 8 86
245 150 250
143 166 166
171 112 178
87 120 145
128 177 138
174 228 248
5 202 55
175 141 240
226 188 249
77 198 199
216 55 229
54 195 242
52 145 220
67 7 170
157 172 233
97 75 253
132 40 182
170 233 179
78 75 78
233 116 238
70 104 135
63 164 243
57 250 98
8 73 84
192 163 236
75 228 127
71 100 121
213 177 242
149 190 224
249 72 251
14 144 54
28 175 84
246 175 248
114 90 254
101 40 217
199 5 215
68 95 109
133 238 177
159 129 195
138 251 143
176 140 206
90 139 182
69 117 123
227 130 252
241 187 252
222 115 225
92 66 157
230 75 249
80 226 160
75 90 84
39 89 203
53 58 228
29 218 213
195 16 246
91 110 234
77 202 236
18 25 147
40 81 208
190 163 222
210 170 221
136 1 193
37 2 153
58 40 62
212 67 226
254 44 254
192 228 196
41 25 116
176 102 182
224 224 230
59 88 237
33 23 52
181 206 247
33 76 111
175 205 233
236 68 241
10 206 186
112 127 211
51 219 107
220 26 246
251 165 253
194 252 223
219 116 229
60 234 188
96 251 230
234 166 243
135 18 149
31 116 137
228 9 246
218 228 254
162 142 185
50 37 254
58 174 213
121 2 133
242 92 242
218 195 225
220 83 233
143 59 186
143 212 185
78 3 238
94 122 249
186 219 205
253 79 254
207 124 240
18 41 44
221 196 247
198 218 225
251 237 253
199 250 224
15 126 244
60 18 85
23 9 149
184 206 196
103 148 109
9 10 191
71 152 147
43 62 161
216 34 226
19 220 29
234 140 234
228 136 252
74 70 197
79 174 176
167 133 189
37 56 71
14 142 185
48 177 166
141 84 237
254 51 254
57 236 186
25 54 126
240 78 253
2 106 107
182 88 219
168 19 224
58 195 67
228 241 244
154 164 219
69 132 219
95 104 191
47 160 177
180 185 193
154 240 212
74 15 252
161 1 185
204 177 250
152 110 240
203 151 250
60 201 133
143 10 150
140 182 176
119 100 234
199 150 200
144 90 248
226 74 230
245 14 246
146 3 250
115 223 219
83 100 92
53 233 249
118 5 245
147 66 232
191 165 240
246 15 252
180 168 207
69 197 165
183 224 228
52 49 70
223 219 229
15 128 199
246 41 254
206 75 246
48 161 204
213 153 213
152 95 176
253 84 253
155 61 233
145 72 234
135 129 162
15 211 16
35 181 117
66 133 215
199 222 240
183 204 236
113 73 228
237 47 253
64 125 205
181 172 220
110 20 244
96 149 124
121 218 154
250 197 250
217 174 244
59 30 228
12 67 144
13 250 175
124 233 143
91 3 131
82 8 120
220 36 223
25 94 204
246 218 253
207 166 208
199 219 222
169 40 217
108 247 205
39 74 134
5 43 226
250 81 252
85 46 234
236 163 244
39 217 165
86 93 158
172 33 212
68 168 205
241 192 250
43 124 252
165 181 237
107 241 248
75 250 146
135 186 231
17 185 153
100 132 139
87 71 105
52 224 125
214 78 226
176 184 189
169 117 172
65 47 176
123 75 137
71 216 191
154 47 246
19 186 243
30 22 132
234 108 237
145 5 219
98 164 158
247 13 251
220 161 233
115 11 121
122 204 170
196 37 205
23 200 220
228 220 234
51 98 206
19 210 64
32 103 66
172 95 210
171 212 192
4 202 212
154 213 219
222 52 244
151 140 232
74 183 130
132 218 165
4 253 218
240 16 240
21 134 152
136 54 167
7 135 217
214 191 215
170 77 181
15 172 206
27 7 189
177 250 184
86 132 151
144 111 228
61 90 73
3 210 65
132 123 173
253 103 253
172 147 251
58 15 176
144 212 188
111 96 156
239 184 244
1 177 93
65 249 103
42 120 48
189 246 216
15 190 81
92 48 199
32 227 196
102 67 247
64 104 104
92 107 102
238 95 251
2 154 167
228 125 244
172 99 204
151 121 196
41 222 151
249 45 253
122 25 250
197 231 201
82 138 128
70 236 236
118 90 191
42 40 125
158 23 191
33 179 239
160 81 215
112 156 181
85 142 122
196 55 249
115 207 233
141 107 246
175 244 190
236 130 241
134 90 216
210 71 225
62 246 153
212 113 249
13 142 242
127 87 158
154 179 200
7 113 73
25 16 40
97 153 249
161 252 178
81 46 235
93 105 197
5 190 48
224 219 234
74 76 127
1 41 97
55 244 78
128 188 206
138 45 170
94 183 144
73 153 132
88 28 253
60 146 207
101 2 139
200 79 223
98 232 189
12 52 146
49 140 240
46 112 113
85 191 141
20 76 183
196 32 212
56 63 82
142 251 184
236 231 241
119 124 132
95 248 207
1 193 205
93 26 249
222 81 254
64 26 194
117 40 248
216 238 220
232 6 239
35 210 125
192 121 244
83 65 114
220 93 242
208 69 215
44 210 186
155 27 222
246 162 250
175 80 235
204 245 246
181 1 224
118 103 253
64 146 197
6 189 227
103 179 199
146 110 190
56 120 219
215 235 232
109 212 171
91 227 238
27 212 119
88 197 215
169 229 172
10 112 34
147 27 189
224 70 228
158 20 201
150 60 248
149 120 246
90 69 254
136 92 175
35 141 102
110 7 173
38 98 43
134 114 246
56 2 204
167 81 201
33 29 253
2 224 147
52 11 66
60 95 158
46 217 149
220 213 223
252 196 252
180 133 197
193 76 218
152 53 221
106 187 203
186 27 219
247 245 247
226 41 236
53 163 95
228 138 235
141 63 226
196 251 227
58 207 119
14 145 183
80 204 220
10 94 78
169 75 229
28 87 134
112 171 114
216 209 229
223 62 244
132 50 162
55 231 198
66 142 225
191 195 197
124 159 233
119 26 157
171 108 216
9 196 114
253 100 253
114 159 165
229 54 246
171 201 206
177 72 225
94 250 246
205 247 228
145 165 214
235 120 246
66 7 242
66 153 73
199 193 252
174 227 235
106 122 176
101 124 246
131 228 182
243 187 243
42 132 171
197 63 235
15 90 66
44 91 241
42 217 134
166 119 190
253 57 254
53 183 150
220 7 250
196 141 236
172 194 206
182 184 216
137 113 213
242 122 250
119 144 239
41 127 103
89 205 158
235 139 252
183 136 202
104 11 212
237 93 241
148 10 242
238 70 247
41 49 167
6 232 74
70 198 215
15 17 192
48 111 136
110 178 166
21 134 60
106 225 134
140 131 208
15 69 64
231 70 239
69 179 154
204 56 243
51 110 132
54 59 120
101 141 148
112 128 232
208 91 253
62 174 152
187 125 207
102 47 146
1 242 190
152 136 156
135 21 222
27 95 147
104 140 149
244 136 246
229 122 236
177 1 217
195 42 244
233 61 233
107 155 217
246 118 249
90 19 160
135 146 212
139 193 248
202 197 204
100 74 196
198 250 216
121 224 128
69 85 194
107 138 219
99 71 175
78 9 202
173 164 224
142 58 219
54 209 210
2 48 149
80 253 129
142 49 151
186 125 221
58 219 177
66 156 162
201 145 232
191 222 249
75 225 152
83 52 140
238 177 252
236 39 253
126 132 216
15 101 144
133 64 236
43 43 123
245 145 252
9 251 63
33 158 201
142 39 166
75 116 241
140 131 175
93 199 183
216 139 223
73 230 189
186 46 206
115 125 191
28 97 136
184 107 243
33 99 58
125 46 221
187 191 217
200 251 227
22 44 223
89 117 142
59 197 67
239 52 243
167 164 199
28 108 65
251 147 251
218 107 251
132 187 202
6 182 193
168 164 187
84 241 215
166 127 228
23 167 188
38 57 62
139 246 217
47 254 83
4 86 242
204 248 254
223 45 239
41 80 66
180 226 181
14 170 40
115 219 219
170 134 224
32 234 94
218 246 250
158 97 209
37 58 90
139 103 226
70 72 99
189 184 240
45 135 159
65 200 197
157 163 223
58 60 147
158 239 230
115 203 121
67 125 77
88 17 97
125 57 171
136 190 250
228 146 247
190 120 209
79 152 159
166 147 231
10 142 152
47 132 61
107 72 233
114 162 153
152 199 156
103 92 205
246 217 254
15 113 250
142 148 250
155 149 165
251 105 253
51 80 235
79 188 83
152 205 248
94 249 187
143 43 175
185 123 242
227 17 243
39 28 180
23 101 53
174 114 239
245 22 250
215 51 222
149 28 178
244 59 244
231 27 236
60 118 227
32 150 230
72 187 89
160 50 221
125 8 138
176 91 210
110 36 164
233 219 250
225 31 247
168 156 200
45 147 157
129 213 198
253 212 253
79 120 201
241 81 253
111 204 199
191 103 197
59 198 222
18 162 27
204 5 243
28 126 95
160 227 217
100 48 227
72 151 103
190 124 204
122 57 245
33 221 61
138 78 201
168 40 251
145 241 174
218 54 236
190 180 221
228 200 228
59 176 193
91 63 201
98 162 194
84 39 84
242 124 242
90 174 157
208 132 248
226 94 238
163 252 220
177 169 211
93 214 107
233 5 235
173 32 254
53 168 161
164 35 203
49 148 207
135 26 222
163 235 225
232 186 242
80 163 138
37 40 193
249 5 250
7 206 40
213 191 247
207 210 235
142 212 161
232 209 238
18 144 168
191 16 249
33 161 163
17 248 159
195 11 197
17 38 61
151 123 210
246 181 253
155 91 156
118 161 199
53 181 200
250 239 253
225 96 246
47 45 207
58 158 189
172 7 179
11 40 62
158 186 204
182 54 223
244 35 246
171 146 220
54 179 67
110 25 226
36 15 204
152 84 209
202 178 239
155 95 203
54 21 173
117 139 129
69 108 193
123 142 129
135 1 241
184 55 205
184 89 187
99 117 126
33 226 183
77 159 212
159 187 222
85 31 96
214 190 249
199 20 222
137 153 241
207 130 253
140 118 222
128 11 169
217 56 225
181 77 230
170 113 195
91 21 253
233 195 249
71 80 157
40 66 109
186 137 204
40 176 226
192 250 245
56 141 226
60 127 197
130 103 138
206 112 206
4 186 229
208 4 227
205 229 221
81 137 235
102 148 127
237 237 243
103 218 232
158 114 205
56 94 239
29 115 78
176 222 246
219 22 238
4 121 15
238 192 243
196 94 210
100 40 181
174 90 174
130 205 237
254 212 254
10 215 90
27 141 188
130 159 214
150 219 189
24 33 165
6 216 200
13 38 75
10 203 126
213 167 226
110 33 231
39 32 48
135 82 232
126 47 133
152 243 246
69 220 162
40 201 45
97 145 125
12 191 28
167 144 240
245 203 251
60 31 142
165 52 235
247 247 250
205 158 219
87 157 121
7 12 222
210 226 242
8 14 171
147 127 223
149 190 228
211 156 211
189 94 196
247 173 250
73 57 196
201 163 213
244 207 251
197 144 205
103 43 241
124 163 207
76 113 218
204 124 209
144 34 227
239 50 240
98 168 161
2 89 125
48 219 53
79 79 245
214 74 242
233 177 239
135 14 210
135 3 197
219 141 252
11 207 247
192 29 200
201 43 238
83 186 187
218 56 239
239 253 242
221 250 253
122 240 147
106 46 225
123 188 221
144 244 242
1 218 105
51 130 215
8 183 110
34 9 133
161 143 164
83 88 189
39 98 228
8 188 227
43 171 52
175 30 229
247 83 249
208 195 244
219 198 254
22 119 181
6 122 237
154 31 239
40 64 166
11 72 187
113 121 169
208 42 251
214 161 253
65 157 174
237 183 251
167 143 205
94 144 239
102 173 193
91 71 140
34 149 242
144 121 229
86 157 191
162 70 174
241 217 254
119 246 164
78 80 152
178 185 238
41 192 210
126 54 194
44 242 178
42 147 145
214 189 225
169 51 201
108 124 115
127 217 203
178 223 234
9 48 168
225 212 251
94 184 150
253 145 254
49 41 208
207 237 231
231 103 237
118 250 175
237 185 238
128 103 212
145 140 216
204 47 205
211 48 231
219 19 246
106 63 202
85 76 227
251 62 252
53 1 138
84 63 199
99 221 124
154 9 181
199 90 249
47 84 162
33 188 99
179 5 200
36 165 163
90 182 167
57 114 100
148 104 227
220 203 225
142 69 231
32 164 215
67 142 217
240 141 242
140 111 224
109 122 248
206 49 218
45 145 235
148 158 250
14 116 171
111 170 120
208 213 212
29 7 89
157 159 236
102 75 194
10 188 229
194 173 212
216 179 236
189 253 229
67 84 127
226 111 234
107 21 192
171 12 237
12 48 175
230 5 251
245 1 252
181 102 181
118 125 218
176 174 243
169 53 184
122 79 173
195 140 232
16 143 137
79 46 172
51 188 202
60 125 161
226 86 242
16 52 17
166 43 228
247 94 247
164 80 205
212 146 215
237 113 237
160 93 191
11 128 250
164 249 218
137 62 143
160 83 179
153 187 166
184 120 254
36 164 157
47 89 225
170 134 187
199 25 218
179 167 181
101 162 176
205 174 232
60 141 230
59 234 105
200 79 202
38 72 139
198 224 201
186 154 190
199 130 234
123 23 222
29 163 209
189 174 192
31 74 214
194 20 205
44 156 88
36 140 141
249 202 253
208 24 216
181 100 214
75 54 172
199 51 211
216 55 219
151 227 250
125 9 230
67 187 209
167 251 191
166 64 167
181 65 200
9 155 47
13 31 169
82 19 215
132 41 160
9 205 209
95 163 123
43 118 119
72 81 150
37 184 147
189 54 229
89 225 120
116 161 152
121 186 170
203 160 251
15 59 116
30 144 245
93 103 188
145 55 145
52 34 203
125 121 129
218 156 243
88 246 150
61 249 233
170 70 200
135 88 194
18 79 235
84 135 251
75 89 87
115 45 252
46 110 104
246 194 247
81 8 216
75 109 203
115 184 227
19 173 99
181 131 243
26 24 30
158 150 233
168 206 247
37 120 97
1 31 75
136 16 216
79 38 245
150 97 202
83 142 133
138 98 177
80 40 222
204 168 218
40 6 101
189 51 235
197 176 219
174 184 212
45 216 189
2 85 39
163 108 252
123 23 233
132 152 147
66 217 134
220 154 246
188 129 229
158 26 216
245 114 245
174 186 231
21 93 165
212 234 214
81 189 167
53 33 220
167 85 181
154 43 233
23 166 202
63 182 214
102 108 173
54 173 134
151 89 174
196 36 212
208 129 241
179 153 249
193 237 208
184 173 238
142 108 230
20 43 92
188 99 196
160 198 246
124 189 146
105 207 221
30 9 93
198 225 253
115 72 202
207 130 232
6 207 166
95 84 190
109 125 163
24 75 161
82 213 100
119 239 143
104 199 254
242 246 250
33 125 251
18 41 91
133 226 163
124 249 133
218 89 245
33 84 232
228 93 230
9 89 247
10 127 134
245 219 250
159 82 164
226 193 235
8 70 67
196 20 197
111 122 235
33 151 250
16 15 221
176 101 192
119 159 155
244 26 249
130 68 180
48 129 144
143 160 158
226 110 252
253 11 254
45 122 90
186 238 189
28 197 184
26 204 81
160 43 234
248 249 250
85 58 142
103 48 106
40 13 194
64 27 197
147 194 175
138 155 145
45 211 89
191 166 252
36 222 145
3 210 229
79 213 189
69 198 207
21 53 225
123 209 152
154 168 161
192 147 196
175 221 242
57 97 115
5 17 227
238 35 252
28 146 182
144 175 199
12 128 195
24 11 44
155 128 179
208 86 222
193 89 250
203 37 239
209 223 252
175 240 184
38 66 163
193 200 241
20 43 93
170 244 246
26 152 41
141 144 165
164 9 205
67 193 228
223 110 249
103 200 235
155 198 189
172 144 209
93 30 218
204 134 251
96 107 186
190 95 229
5 200 5
34 168 246
143 85 146
201 110 229
217 223 254
4 171 177
12 104 62
48 82 137
53 24 109
151 160 195
68 159 76
49 92 60
198 193 242
143 14 203
67 49 177
252 71 254
164 18 198
4 54 133
181 2 226
127 216 140
185 32 187
239 132 254
78 152 192
178 138 238
108 97 142
133 113 135
235 90 250
61 214 210
215 80 247
10 209 158
197 33 229
3 42 6
122 208 243
118 200 130
248 27 251
90 52 157
145 105 192
150 80 254
227 8 231
207 158 240
40 137 217
228 158 253
136 124 245
211 183 223
4 20 196
188 69 203
104 154 150
115 59 178
104 125 221
69 104 85
31 192 50
128 201 150
251 130 253
178 214 217
36 132 199
15 32 45
161 244 190
28 110 145
249 174 250
240 179 243
163 135 207
150 153 224
48 89 175
248 204 253
25 44 125
229 51 234
136 24 203
133 149 133
182 206 201
91 197 238
166 41 224
101 109 200
13 31 22
34 107 36
128 145 190
122 227 247
110 47 209
209 19 218
26 73 98
12 161 176
98 115 136
85 176 162
161 54 227
78 159 125
253 39 253
227 26 249
157 44 157
15 9 198
248 116 251
102 190 196
15 162 94
16 27 62
196 111 235
214 117 245
109 102 124
227 84 246
163 73 245
234 73 252
65 248 173
240 98 250
248 186 254
192 112 248
61 203 129
113 253 134
176 46 203
174 147 218
174 28 245
239 75 243
32 127 147
23 93 153
32 169 116
74 179 254
43 228 184
77 139 109
252 241 253
149 30 182
10 245 220
93 126 141
22 46 114
248 63 253
154 56 254
241 127 252
223 215 240
223 228 230
109 55 244
243 163 247
54 220 146
132 44 216
137 160 169
61 153 252
148 56 240
78 76 236
54 95 239
6 88 73
120 58 207
250 1 251
144 15 200
61 209 188
248 42 248
4 57 32
99 248 177
153 184 169
37 125 159
51 25 113
2 210 107
139 144 211
78 80 234
9 234 233
136 108 185
191 227 248
212 121 219
152 32 195
78 158 92
144 254 180
135 192 230
185 210 232
243 145 248
225 12 233
45 154 208
43 46 112
223 179 224
225 216 241
85 17 197
84 240 244
109 113 190
49 46 102
25 253 210
148 129 226
196 36 236
194 1 206
176 137 238
139 227 139
158 23 249
50 99 120
189 190 221
92 215 132
212 62 219
183 143 184
32 116 153
94 152 183
20 129 218
118 206 196
11 65 117
63 110 78
134 15 199
91 173 188
139 141 169
248 148 253
216 195 244
91 63 172
215 197 232
171 153 181
97 11 222
37 225 187
194 138 224
190 211 210
201 58 206
14 76 84
186 247 214
81 251 152
24 216 144
122 37 207
139 210 171
106 110 148
105 220 243
126 60 166
104 187 188
220 104 222
49 52 53
196 117 241
97 73 238
94 160 215
103 185 202
173 110 240
205 3 250
201 93 238
95 243 203
179 37 214
212 60 234
4 182 227
197 145 197
228 114 248
171 201 233
100 23 166
118 54 149
154 184 170
130 116 227
86 102 121
159 123 183
47 177 154
235 68 241
210 80 219
247 158 250
236 111 245
168 104 175
137 217 142
125 213 195
230 207 243
