1427
232 197 254
60 252 165
152 59 166
248 43 252
235 29 241
186 161 196
189 229 212
116 99 229
62 243 187
171 32 214
13 64 234
6 126 103
106 231 146
198 147 216
87 212 246
170 191 203
236 150 252
136 108 176
207 242 228
147 22 226
18 164 42
238 14 245
51 133 123
196 45 227
38 84 169
193 217 250
109 160 244
159 171 244
211 2 249
83 244 93
127 45 145
134 31 227
144 21 146
26 16 73
4 155 208
111 51 233
207 207 216
88 149 198
60 72 95
127 190 169
27 130 75
3 173 154
219 73 235
108 105 147
121 130 186
25 56 37
156 75 244
245 62 253
128 138 159
179 72 241
173 100 205
8 10 198
103 189 203
249 97 252
40 92 43
220 223 250
97 11 176
66 217 101
134 76 174
204 156 223
187 32 248
105 169 218
95 61 236
247 162 249
245 171 249
237 10 239
71 125 199
148 235 228
54 35 122
167 61 201
29 89 189
19 119 249
118 200 209
144 220 165
202 38 245
201 31 230
207 25 232
201 237 212
130 233 227
105 42 208
12 123 63
20 54 230
169 228 206
229 91 248
24 69 187
209 252 243
131 50 219
34 232 59
112 216 154
35 208 35
155 152 208
246 42 251
20 37 129
217 99 249
40 249 97
236 96 250
37 44 198
245 252 246
118 90 196
80 95 125
202 199 217
123 219 243
86 3 166
198 128 253
86 117 195
48 212 211
218 147 221
88 173 91
117 81 185
51 119 242
67 182 166
205 225 220
77 244 252
227 61 241
109 51 124
124 229 184
71 148 147
10 219 234
142 244 190
79 199 194
140 214 170
200 96 200
190 10 225
58 184 136
210 219 246
68 22 122
237 236 252
216 195 216
144 2 219
116 226 201
208 60 213
83 51 166
37 186 227
50 34 89
130 46 181
125 242 184
39 12 220
197 170 197
49 218 191
26 207 33
90 25 93
50 250 103
201 198 232
60 232 72
103 68 199
112 72 153
199 155 243
218 44 246
250 76 253
196 95 197
58 150 251
108 48 138
84 229 211
153 11 174
46 170 53
123 84 223
225 82 235
192 30 236
104 173 252
111 105 130
17 96 186
176 153 198
185 174 208
23 192 188
193 62 194
170 36 180
223 210 240
100 20 151
185 205 239
63 85 181
34 203 119
214 226 227
86 166 164
42 10 159
159 49 232
11 234 124
234 128 235
2 47 181
181 235 253
227 82 241
44 79 64
168 79 230
26 18 243
197 242 216
209 172 214
10 65 40
76 18 212
109 175 144
14 229 200
1 62 210
245 214 251
176 15 189
229 65 245
253 237 254
196 197 236
221 7 234
13 223 91
83 95 204
98 241 227
230 74 232
77 201 250
143 187 183
34 188 203
41 235 42
45 119 184
11 152 14
250 19 252
225 189 246
205 136 248
240 172 250
86 129 222
59 46 189
177 210 233
228 222 233
112 104 226
243 18 251
114 160 201
140 87 229
166 86 167
133 36 206
9 56 49
47 162 50
165 15 165
230 156 254
187 104 207
184 140 201
162 33 164
175 166 180
78 114 143
32 186 171
150 145 202
196 42 240
129 209 181
179 164 237
210 141 230
102 158 124
131 83 235
71 8 160
185 152 248
172 92 195
108 2 121
158 100 177
247 61 248
75 55 245
78 76 82
47 168 135
35 162 210
208 176 220
14 247 38
163 144 240
239 28 252
2 183 249
112 48 183
10 224 114
37 252 180
161 36 197
163 96 203
65 18 234
51 227 150
94 238 143
192 20 238
137 131 252
185 190 235
254 108 254
100 135 130
176 197 195
253 164 253
178 77 251
236 71 242
224 33 251
96 238 197
156 234 195
139 93 218
111 227 234
13 133 74
76 142 119
175 125 212
201 173 213
190 215 191
133 32 178
230 178 248
216 16 218
7 145 171
233 21 234
200 4 210
206 239 246
205 93 245
183 218 228
23 124 125
3 250 84
125 189 167
127 214 128
131 36 186
150 110 233
174 144 199
218 245 250
106 75 133
147 183 250
145 244 165
249 249 253
225 167 249
88 16 179
27 83 39
48 181 160
90 209 121
207 161 246
42 77 144
56 251 147
102 106 172
123 87 160
127 30 178
128 212 233
161 155 168
187 229 231
237 105 247
13 139 160
128 41 232
77 56 145
159 229 223
74 39 133
246 215 250
113 177 246
177 227 209
119 248 200
155 83 200
207 154 217
1 38 160
239 205 251
111 76 196
112 1 238
164 241 197
238 77 242
193 20 207
189 114 208
193 3 225
42 48 227
110 93 206
56 248 154
22 17 154
214 242 250
234 103 251
147 118 225
64 153 218
118 110 140
78 67 202
229 10 250
208 219 239
1 27 197
234 102 242
208 129 229
72 94 100
190 137 208
141 87 245
5 137 20
34 20 67
109 155 220
247 147 248
76 140 251
225 162 240
21 40 173
178 127 182
96 7 222
123 157 216
14 146 189
212 112 236
166 67 188
205 71 229
149 246 216
197 198 227
38 45 139
186 203 231
178 142 183
163 12 199
231 70 235
138 117 206
100 174 131
103 2 250
246 89 250
5 176 72
40 102 166
70 192 158
53 4 206
21 144 72
198 181 224
141 159 222
63 182 179
79 144 195
84 172 181
111 34 184
161 51 237
49 55 208
109 95 224
229 162 231
140 31 247
123 124 125
148 195 181
80 239 160
47 234 237
103 109 103
200 207 235
197 157 236
33 107 46
41 13 50
34 138 150
217 53 244
218 103 236
140 224 207
143 138 182
200 247 228
152 152 177
6 48 241
164 181 214
179 140 216
218 87 224
253 83 253
92 131 186
16 41 189
173 94 189
218 42 220
227 191 240
191 130 234
248 224 250
109 28 254
98 241 169
25 55 132
31 131 231
54 162 60
145 126 173
70 2 154
252 58 254
90 211 234
94 165 232
58 57 155
183 202 230
156 227 196
65 82 87
191 13 225
80 225 84
31 28 99
138 20 176
186 17 219
122 122 178
119 49 238
104 252 248
67 102 135
173 128 173
167 131 196
187 244 244
150 46 243
225 132 238
155 52 254
155 19 221
146 124 235
249 88 251
196 139 219
165 142 197
200 141 225
76 87 249
99 161 227
216 13 228
186 104 215
63 105 171
29 213 184
60 139 132
92 184 114
126 70 234
115 232 201
244 249 248
113 2 213
184 46 189
192 99 217
39 136 215
241 247 249
84 147 123
39 11 43
41 218 84
232 43 253
28 234 197
91 4 248
109 49 165
11 176 252
116 30 132
128 141 133
198 139 229
113 43 119
217 186 242
11 206 52
51 6 213
216 184 228
81 165 202
225 159 249
4 89 166
152 41 234
168 23 225
202 221 218
137 190 250
198 1 238
23 193 88
62 64 176
234 54 244
237 205 239
16 30 232
151 7 209
131 81 147
127 46 236
227 98 245
7 162 117
102 141 169
128 10 180
33 108 41
7 190 20
70 134 138
187 123 203
12 254 73
170 155 219
117 181 132
216 228 235
84 151 168
180 52 225
73 82 253
150 151 236
113 97 191
186 62 250
119 253 229
171 141 212
121 73 189
44 94 143
188 165 249
127 192 151
38 12 244
169 145 235
152 107 226
38 112 168
207 245 213
114 82 144
7 248 33
229 238 241
246 79 246
54 99 214
104 6 120
206 110 238
62 62 247
70 173 192
87 110 171
103 33 228
77 234 91
97 74 250
128 199 163
37 80 190
172 230 252
236 16 238
116 150 152
176 205 232
250 97 251
30 174 124
90 59 121
177 51 194
116 115 171
170 201 234
149 201 182
244 115 252
86 213 178
146 13 212
56 161 229
230 48 232
1 97 80
200 167 209
94 58 205
15 70 110
93 166 121
244 68 246
58 208 221
129 24 222
123 6 176
89 201 96
5 138 168
47 253 235
236 140 237
15 18 42
135 158 179
154 87 199
171 3 222
124 194 127
133 26 189
74 199 231
64 109 241
102 170 138
161 244 195
71 241 207
232 104 238
92 168 134
19 222 72
1 83 93
102 192 153
251 108 253
208 137 213
236 156 250
52 111 125
186 98 241
129 237 177
70 2 121
233 160 249
178 185 228
181 47 216
46 7 177
109 203 221
43 27 178
244 160 254
153 53 246
167 115 234
76 235 209
245 189 253
107 49 123
169 178 219
212 179 243
152 82 182
221 188 250
159 46 163
16 110 81
12 189 173
245 240 247
173 110 237
254 124 254
129 192 240
216 107 241
12 80 187
15 243 138
49 125 72
220 143 247
128 154 164
18 240 83
171 32 203
70 188 175
131 93 144
5 204 155
122 254 172
78 130 168
42 7 249
72 167 89
24 162 32
155 173 236
62 22 81
213 98 247
251 87 251
170 85 250
124 37 125
19 79 195
14 213 24
97 166 101
125 55 148
196 194 198
20 202 196
49 161 158
28 39 53
247 217 254
118 120 140
40 132 182
20 237 90
29 107 224
233 126 245
64 40 236
133 198 139
57 198 74
101 247 141
45 213 230
16 222 184
161 9 203
238 205 253
72 35 189
83 146 234
238 136 253
166 166 246
140 33 146
123 212 250
150 126 233
145 58 161
91 139 226
140 235 233
247 12 248
141 108 191
32 76 190
68 1 157
86 248 105
14 249 80
78 179 218
28 164 79
87 87 216
205 45 215
249 61 253
75 240 193
158 34 185
91 53 198
135 206 191
108 59 220
72 92 97
120 210 250
130 122 168
127 25 248
114 126 115
65 209 216
105 187 179
23 177 75
1 217 93
32 238 227
46 4 176
47 249 47
149 215 213
119 230 126
98 222 183
194 9 225
241 104 251
13 249 231
217 58 248
104 238 185
185 228 253
6 213 159
142 43 241
27 95 65
202 148 227
171 51 189
199 236 224
132 150 158
58 243 247
170 242 178
15 50 130
223 170 237
253 52 253
1 43 117
57 151 185
202 222 238
131 201 161
102 225 172
228 112 231
32 16 133
1 193 246
75 226 175
171 156 230
56 183 69
16 138 43
56 131 199
141 163 224
148 223 151
18 235 233
196 148 250
176 195 238
105 78 177
19 232 48
216 139 247
29 74 40
15 54 88
182 60 186
123 9 196
107 191 239
163 2 224
184 68 186
191 176 209
25 76 169
27 45 210
197 214 247
88 167 194
164 230 227
240 240 240
5 14 45
34 129 147
216 173 218
170 191 236
38 103 152
58 22 228
150 245 166
116 37 142
94 63 183
36 217 124
146 113 194
247 63 253
20 37 178
54 117 128
50 9 132
202 78 207
167 233 219
45 242 51
8 161 15
115 113 170
28 253 166
239 82 239
43 163 124
139 64 207
11 247 141
87 15 153
209 91 237
218 70 223
171 216 209
38 22 104
134 234 250
253 245 253
87 247 101
246 222 254
73 34 245
122 63 254
72 3 229
68 58 165
228 225 233
210 65 251
10 32 236
82 100 168
20 51 146
119 91 195
90 168 172
42 254 76
79 235 122
23 11 174
230 91 233
105 137 246
73 4 142
78 189 221
168 145 196
8 216 78
178 80 180
44 70 77
75 130 213
230 89 247
75 231 169
105 223 111
103 213 189
88 108 97
8 232 43
253 125 254
251 186 253
55 203 132
35 202 120
213 113 236
231 206 249
10 50 33
1 251 246
68 247 118
191 225 217
165 60 204
146 17 220
27 212 38
240 23 241
181 188 248
103 28 143
226 134 247
109 47 170
191 122 246
192 146 248
48 55 61
179 183 210
2 148 132
30 65 133
122 240 215
186 221 228
183 126 226
126 194 236
150 73 233
88 111 98
35 202 184
181 246 244
14 250 192
161 18 176
244 192 252
59 230 146
143 160 203
45 17 155
111 8 145
169 165 194
192 24 219
87 198 151
198 37 222
132 124 186
117 174 230
141 22 231
48 92 137
59 14 136
203 173 232
244 232 253
47 143 113
56 175 100
42 89 250
58 59 159
113 161 199
229 191 246
119 4 235
199 138 224
214 27 241
82 1 214
181 61 206
131 78 178
6 117 250
137 233 155
74 207 214
27 63 43
22 228 29
76 4 133
3 129 7
235 22 248
168 232 229
25 14 134
78 90 182
204 144 246
40 143 127
58 54 228
162 87 241
134 82 251
61 188 249
245 250 248
118 80 245
109 142 125
121 67 140
94 13 138
218 17 224
221 230 232
36 63 173
240 217 248
39 46 173
1 147 163
24 106 136
139 7 187
171 223 177
154 39 177
198 219 223
226 99 247
221 65 224
99 17 238
59 4 84
253 237 253
13 49 219
154 50 226
47 48 253
227 36 243
244 97 254
71 139 209
254 145 254
243 64 247
72 164 149
223 132 234
197 220 234
44 234 67
141 45 176
224 175 228
40 181 71
206 157 206
104 167 225
239 153 242
58 223 86
141 106 199
152 2 197
34 135 142
23 89 167
224 118 245
218 183 236
241 178 246
114 147 118
136 206 193
247 126 248
159 214 233
214 138 241
220 195 228
25 49 56
93 191 184
189 93 207
15 162 46
199 176 204
21 144 124
79 228 239
217 228 219
142 211 166
73 106 158
251 233 253
220 171 254
200 224 216
137 99 212
143 171 145
8 160 244
128 218 138
101 46 222
21 19 247
111 10 248
226 251 252
11 130 54
58 123 69
235 70 246
53 183 146
141 178 177
98 90 218
169 92 248
208 158 241
29 114 200
32 155 56
91 229 110
27 108 77
250 39 254
94 24 95
3 15 63
224 190 228
172 250 205
225 239 250
250 185 250
42 139 176
17 202 247
90 52 231
103 209 200
224 250 237
198 74 244
200 148 207
114 156 142
90 197 215
215 145 242
95 150 110
184 36 229
38 130 137
199 38 202
174 5 247
48 168 85
50 58 226
19 246 53
49 22 128
222 2 227
168 159 224
77 64 114
20 243 249
214 253 227
137 59 226
227 210 228
98 46 172
142 176 222
99 225 107
173 175 175
69 192 168
77 156 230
87 213 184
51 115 72
161 55 194
152 183 160
157 238 194
35 139 143
183 137 253
96 95 123
174 242 249
144 177 225
17 77 71
232 228 241
130 227 134
140 153 238
104 217 106
24 34 116
208 254 254
204 74 222
194 213 203
41 130 148
202 104 211
205 47 230
121 5 238
149 254 153
101 84 120
53 55 242
94 153 224
239 158 244
121 91 125
217 31 232
212 14 234
174 172 228
215 48 235
86 58 145
219 145 253
163 134 247
199 19 226
76 211 238
7 72 167
10 252 61
196 81 209
121 135 150
99 72 196
242 70 246
45 80 96
175 143 249
37 132 229
243 119 244
151 49 179
183 139 244
74 206 188
238 103 250
132 200 175
100 177 218
222 218 233
194 35 230
60 219 104
171 206 220
55 123 215
198 176 230
86 82 226
36 58 149
177 49 209
227 90 254
250 112 250
191 253 254
93 19 172
40 39 202
55 170 72
27 96 253
44 56 232
142 213 207
108 56 247
40 21 126
218 180 218
42 5 177
90 228 223
181 66 252
107 51 110
254 186 254
151 98 218
114 157 239
60 98 171
1 1 233
48 117 122
251 195 252
158 56 175
115 231 196
28 96 193
179 34 181
19 29 169
31 141 211
50 217 232
159 130 169
193 49 221
161 88 183
142 223 209
104 167 186
189 168 213
36 79 213
198 227 204
143 233 202
93 104 225
249 141 250
249 103 253
220 96 227
68 243 250
76 168 112
71 171 238
70 112 81
131 190 151
97 64 234
103 140 193
65 105 112
83 20 155
147 105 200
44 15 87
169 231 218
212 122 244
163 31 232
156 210 194
92 184 162
94 234 183
102 155 208
81 232 192
141 249 219
185 186 247
120 161 242
241 45 241
232 34 234
220 112 240
7 125 70
89 206 135
211 188 239
161 144 238
58 20 221
73 7 243
122 122 142
177 136 180
128 126 235
60 139 199
55 102 185
134 172 172
32 172 95
40 17 192
19 223 54
152 145 247
74 126 79
226 28 249
168 45 215
105 174 211
55 211 99
227 146 244
97 44 190
211 128 230
120 19 218
253 95 254
80 51 119
16 37 180
233 122 235
8 106 247
133 102 136
233 169 247
161 244 200
221 103 244
54 165 109
193 15 214
40 156 148
194 163 216
140 123 243
129 30 180
81 160 164
132 91 133
129 243 139
81 34 240
46 227 240
126 183 253
131 1 147
88 177 172
42 235 150
194 9 240
92 33 248
13 137 146
253 98 253
151 94 229
32 22 189
116 156 198
151 232 184
138 9 238
121 61 178
5 106 152
94 110 240
58 26 221
40 113 56
85 192 188
51 198 223
74 143 188
46 252 150
84 236 89
131 169 197
80 59 241
76 133 163
84 137 198
182 236 245
122 217 127
70 117 76
133 240 151
105 26 140
154 179 218
203 199 249
42 114 73
164 37 236
70 46 80
82 227 124
49 100 70
171 109 195
236 102 239
164 26 245
134 39 166
107 225 136
81 146 223
186 185 216
163 49 174
33 82 84
127 29 205
98 73 107
213 70 226
91 194 140
148 19 170
93 163 209
173 213 184
246 251 247
105 41 206
147 190 205
25 198 188
17 10 54
122 167 167
205 199 223
147 146 245
144 195 153
54 161 119
216 69 235
232 251 245
143 91 235
237 201 243
61 23 225
26 67 129
218 221 247
152 60 220
160 228 217
154 49 160
9 139 56
178 151 184
246 205 254
188 199 193
105 65 203
80 194 176
115 252 202
110 244 223
42 135 160
200 161 250
140 1 195
245 36 251
21 165 215
11 52 119
230 90 239
1 250 4
32 101 110
233 84 235
142 87 253
174 43 238
83 161 203
139 127 174
55 134 175
191 153 247
45 150 206
65 5 149
250 230 252
203 207 248
20 228 149
223 217 253
106 45 149
135 241 248
230 55 250
30 154 160
52 37 193
233 35 236
86 160 108
175 192 175
60 162 127
107 174 182
16 122 121
238 217 245
170 254 195
24 212 110
82 250 247
184 142 203
120 142 177
139 113 220
21 55 87
59 84 127
34 21 90
209 126 244
62 186 90
105 183 139
30 169 53
24 194 172
36 156 101
206 234 250
141 6 192
25 95 58
191 254 236
140 165 195
7 172 51
112 200 170
230 254 244
2 253 156
156 245 243
137 221 202
240 26 244
44 55 48
73 92 208
94 128 109
233 200 237
27 61 120
207 29 254
193 146 199
18 154 51
133 205 202
25 156 180
123 156 199
133 125 249
224 2 224
72 119 109
199 4 237
208 100 226
25 28 46
107 206 160
170 23 242
129 254 178
50 115 65
39 174 92
147 235 241
52 235 189
235 108 235
28 43 231
184 64 251
85 200 148
216 25 243
137 253 219
197 64 222
36 162 54
213 167 214
201 74 225
32 152 75
250 102 252
108 50 233
60 85 157
117 169 213
155 104 212
2 244 93
71 203 226
216 28 219
109 2 187
90 164 215
234 134 240
24 205 85
109 47 221
118 229 254
167 34 234
114 89 156
192 24 252
11 124 229
19 167 157
156 28 223
175 183 189
217 93 246
251 113 252
20 10 238
226 60 245
40 32 166
121 131 248
142 52 184
200 120 206
76 5 193
157 157 226
207 82 219
239 17 250
7 17 131
88 48 114
111 18 158
33 148 153
75 105 200
40 112 125
253 177 253
53 81 126
47 104 87
33 196 52
