1323
162 88 242
173 145 247
110 57 127
180 133 244
29 42 249
51 73 73
11 109 143
96 201 231
47 100 170
115 97 194
192 1 198
187 86 240
71 7 80
194 177 204
29 226 121
33 15 128
64 57 69
49 91 227
182 49 227
133 56 162
158 197 211
134 188 246
245 45 245
99 161 212
64 166 105
247 41 248
113 175 121
250 181 253
74 85 241
22 5 169
26 219 50
186 32 201
59 59 145
213 137 228
51 178 166
249 144 253
241 185 247
72 140 142
81 96 167
186 64 254
129 70 157
218 123 250
75 219 207
180 182 193
182 34 195
179 60 236
103 182 219
98 144 168
2 245 112
29 223 219
169 145 175
48 180 89
212 24 214
86 220 144
141 77 161
176 187 241
34 146 154
253 228 253
19 83 112
225 229 249
218 204 226
90 212 141
97 241 187
89 134 127
91 226 168
132 2 162
242 82 249
118 45 198
130 140 224
7 93 226
139 233 183
129 96 211
91 168 172
195 134 230
211 6 249
164 95 228
48 72 246
185 124 198
8 44 41
193 147 205
209 67 247
127 224 130
106 7 204
51 67 223
9 69 251
23 141 242
1 177 240
46 27 48
217 99 234
222 115 236
72 227 208
26 50 167
178 241 184
78 109 118
90 245 175
125 20 253
11 248 52
67 19 242
59 53 189
187 99 218
172 204 190
128 58 197
209 135 246
102 206 192
27 43 119
61 28 134
50 189 213
75 192 199
73 118 185
72 206 75
189 188 213
5 139 52
45 112 211
171 52 217
211 178 227
65 124 129
72 227 156
95 196 131
120 148 120
108 187 153
193 220 223
231 160 234
187 38 191
6 34 75
27 172 140
104 31 210
90 164 208
83 11 85
58 114 217
34 69 180
61 134 181
163 98 220
177 114 219
209 146 238
98 50 248
229 219 253
8 173 82
218 59 230
222 76 223
182 121 208
251 119 251
222 124 226
118 106 173
184 141 222
116 23 119
119 17 177
115 194 129
91 44 228
13 78 204
208 99 243
76 186 254
205 66 220
17 6 163
242 155 242
190 228 229
86 101 185
196 166 227
46 32 247
224 68 235
200 88 216
189 140 234
192 131 228
211 111 234
82 139 111
62 55 164
30 181 38
166 115 185
68 124 167
83 100 233
187 75 238
7 2 103
59 79 222
179 214 242
5 172 160
69 190 151
51 93 153
242 19 244
65 24 245
117 101 201
196 59 236
54 161 65
22 44 135
246 111 254
121 245 189
238 52 239
97 6 139
76 245 109
6 212 17
203 81 229
38 148 73
148 160 196
155 147 170
85 201 158
65 39 179
133 42 242
46 89 186
98 162 237
147 222 228
49 93 63
137 83 254
24 191 117
132 30 187
111 54 128
116 41 145
59 234 120
71 119 158
96 200 185
140 97 231
219 145 254
239 85 242
174 213 198
15 196 205
10 199 62
217 206 235
29 131 236
93 206 95
104 254 230
32 221 81
253 53 253
81 112 89
178 232 232
230 132 231
65 18 190
73 246 154
166 244 219
78 235 118
122 239 161
232 124 241
161 1 184
103 51 188
180 133 211
136 162 198
83 131 245
97 233 169
144 73 233
69 31 74
199 214 204
60 215 110
44 39 145
175 174 177
74 254 190
246 57 250
163 86 163
14 4 129
57 116 122
217 227 226
135 84 194
47 100 242
113 75 206
153 147 199
40 134 118
194 96 212
94 112 176
11 223 136
221 115 230
26 108 138
66 36 152
27 246 230
133 16 181
129 193 240
215 103 217
209 186 244
23 10 176
222 96 239
240 176 240
10 77 163
138 162 249
219 108 226
248 125 249
130 180 158
51 245 194
68 251 175
64 21 177
76 158 130
118 52 177
222 95 227
219 28 251
210 232 252
49 197 185
113 249 176
231 62 241
206 247 246
176 214 198
42 243 98
37 178 158
48 125 73
137 43 220
33 124 159
154 176 163
101 214 206
34 207 85
53 39 138
85 176 153
29 104 69
93 146 135
236 30 254
191 150 194
185 81 245
29 181 82
170 119 249
209 143 221
194 213 194
39 224 240
195 172 229
167 210 183
106 198 247
245 189 246
232 101 251
113 2 206
145 71 253
48 67 174
104 128 127
141 78 220
59 71 233
57 27 77
158 165 209
189 65 239
5 34 174
140 38 237
55 93 187
22 65 145
110 129 133
118 138 133
142 204 188
205 132 233
146 23 203
181 80 199
223 28 250
120 204 177
56 99 119
185 251 253
108 199 228
194 131 208
170 245 233
223 26 232
103 200 218
85 130 154
95 90 204
157 81 177
215 205 217
225 46 254
226 72 231
202 190 214
37 130 125
18 50 133
236 37 250
254 80 254
127 20 131
75 120 92
59 116 237
80 216 225
251 238 254
242 192 253
2 82 95
74 158 236
99 252 108
91 78 246
134 138 159
125 250 203
169 67 236
187 48 196
208 94 209
116 239 207
41 20 107
159 152 235
238 173 250
100 89 125
55 254 205
1 176 231
183 108 192
139 79 189
164 116 220
122 115 215
159 40 218
112 181 150
122 65 191
10 235 162
114 156 233
235 119 253
118 7 230
87 124 203
140 4 211
110 69 159
216 179 248
101 99 118
115 19 151
18 111 160
198 46 204
128 67 170
85 107 239
50 206 75
7 34 78
21 229 198
89 130 211
10 31 239
38 58 151
166 211 249
78 132 105
218 224 234
252 172 252
79 53 228
138 118 244
134 33 169
138 99 196
246 104 250
168 1 241
174 42 199
11 156 168
237 200 248
229 36 240
147 161 249
114 109 195
208 55 250
186 76 244
163 236 217
253 214 254
131 163 190
159 235 213
233 111 238
34 241 246
42 99 102
99 78 185
125 150 136
118 237 166
241 91 247
48 115 144
221 26 244
252 58 252
127 9 133
144 227 172
151 122 187
80 206 219
201 50 239
121 87 245
248 58 249
18 193 245
117 111 125
231 219 243
71 167 111
61 35 213
41 88 134
232 149 243
43 223 180
170 101 199
24 90 151
147 168 183
213 218 244
103 52 242
73 72 184
230 122 253
145 18 203
25 20 254
173 109 181
30 172 92
45 160 240
69 136 165
172 74 234
60 68 145
2 116 103
136 69 222
51 199 145
128 35 254
20 119 36
142 19 227
228 16 247
167 93 223
3 23 224
7 236 157
124 178 209
77 167 225
28 66 190
64 5 176
3 116 228
166 50 227
149 81 190
160 39 248
231 96 236
228 105 251
20 171 184
209 68 220
159 90 164
58 180 190
121 214 232
161 120 230
196 241 196
249 235 251
58 194 212
135 120 191
132 172 249
229 105 245
38 211 190
233 169 236
59 118 120
250 125 253
243 176 243
217 199 224
248 124 248
198 54 217
93 55 125
128 94 198
251 33 251
205 59 227
57 149 100
9 31 153
179 64 198
203 169 241
92 25 208
29 33 50
112 142 136
141 183 238
147 120 170
200 42 202
85 48 119
8 4 57
176 69 220
241 49 246
147 71 185
114 83 115
194 94 229
24 234 179
162 201 240
39 198 94
169 221 242
145 233 162
115 56 129
215 24 216
252 137 253
32 228 161
77 112 244
17 253 195
112 37 169
219 190 251
78 114 241
109 83 158
211 196 254
87 241 228
85 35 172
151 16 156
175 97 231
44 223 53
61 237 254
107 177 204
182 227 193
156 183 187
30 99 60
76 52 169
242 233 246
144 123 170
165 134 198
12 23 195
22 90 227
151 187 206
24 50 75
123 161 174
147 68 194
48 166 135
37 250 230
5 2 205
39 230 50
24 16 254
6 45 8
66 56 102
76 117 141
189 219 240
46 42 68
52 152 220
70 122 159
177 172 253
236 208 241
199 218 210
106 99 159
40 29 126
74 84 185
109 85 179
251 34 253
102 96 176
156 214 204
140 125 160
164 92 182
70 183 152
238 153 240
83 81 94
155 38 155
114 102 244
220 180 243
232 169 242
144 191 188
193 172 224
247 121 250
104 43 169
135 63 232
61 142 160
58 56 144
163 198 238
166 192 184
25 169 98
198 143 240
50 151 175
25 233 171
106 31 201
103 68 210
164 242 207
12 88 40
176 183 251
248 90 253
131 139 144
26 225 94
7 65 42
85 188 97
208 123 238
208 58 219
33 112 119
202 39 203
220 5 238
239 185 244
218 17 224
211 119 241
252 245 253
241 14 252
140 238 157
6 48 180
252 115 253
100 136 132
210 83 217
225 98 237
4 5 38
225 171 254
30 75 94
167 180 254
127 202 213
241 206 254
147 198 223
154 188 208
4 164 42
190 132 240
174 184 228
23 97 107
166 40 224
222 102 222
40 33 163
182 131 249
178 54 183
43 42 77
126 88 238
252 169 254
69 28 88
213 147 226
205 140 226
195 218 236
204 9 244
186 248 233
26 141 77
203 100 208
193 157 195
37 71 92
231 243 240
227 194 229
185 167 225
2 220 23
77 2 159
199 115 252
61 139 138
171 112 220
15 198 96
67 200 225
62 162 110
84 53 157
80 81 83
207 150 239
219 222 231
79 114 113
56 105 202
26 232 190
72 25 76
14 218 214
1 74 67
178 93 248
50 107 50
48 188 78
12 82 82
94 143 197
244 199 250
139 84 146
62 199 175
46 40 143
187 88 223
93 130 174
83 184 166
8 187 77
166 207 212
181 12 205
107 60 154
134 106 248
146 39 234
61 147 163
132 232 137
5 53 214
48 6 153
68 189 84
15 217 70
191 237 210
47 82 188
142 81 247
114 49 229
185 238 202
52 248 53
123 4 147
145 71 191
125 67 168
78 170 236
19 192 100
34 126 145
58 138 190
158 131 251
177 242 246
23 12 141
125 81 251
248 56 249
199 204 212
174 134 180
2 242 116
49 9 169
89 237 140
135 148 240
172 4 246
176 196 240
203 145 253
95 160 213
108 29 176
72 86 101
175 124 235
169 208 204
233 34 249
173 14 243
234 218 254
215 54 247
193 227 193
167 23 176
33 98 133
97 119 140
91 44 156
76 127 254
180 187 197
98 215 140
216 11 231
114 240 207
39 186 161
8 237 144
108 124 220
146 185 236
67 63 103
95 235 120
104 91 148
73 68 93
228 73 249
247 197 253
105 112 134
207 130 248
166 66 199
216 9 235
236 227 249
118 123 196
98 212 206
43 221 90
180 176 190
119 124 136
218 110 238
49 220 246
60 91 243
81 22 112
81 188 167
232 49 249
172 170 197
236 116 250
117 75 225
229 207 235
165 148 221
168 51 234
131 144 212
184 43 187
26 20 101
161 65 196
221 121 252
147 39 231
195 41 210
100 218 184
6 228 53
90 181 180
82 168 253
52 89 154
63 10 215
241 229 248
231 53 235
52 202 88
204 53 216
222 210 226
244 234 251
170 251 175
252 235 252
13 54 132
34 47 203
109 4 191
5 222 61
237 236 251
63 28 234
241 247 247
219 150 223
147 124 228
237 244 254
252 208 254
16 102 200
36 167 146
13 71 45
84 25 235
199 168 248
64 24 141
123 222 189
129 141 132
9 151 246
148 115 177
107 110 161
31 50 239
51 210 83
109 163 112
156 252 178
128 3 156
6 13 126
95 168 118
227 226 227
116 203 145
22 199 214
200 239 243
82 134 134
192 88 218
224 166 252
119 76 122
70 167 194
41 107 183
155 77 250
19 158 123
234 71 250
182 185 254
181 51 206
130 110 192
47 10 49
209 121 226
93 124 202
33 70 77
226 67 242
45 136 136
226 56 245
211 54 219
26 75 222
227 221 241
68 20 253
221 82 231
60 123 88
233 68 250
206 220 252
139 126 211
34 114 76
5 22 68
24 240 238
127 109 229
143 204 218
148 238 210
51 233 120
215 25 243
95 56 209
102 11 176
140 164 163
216 153 239
192 225 244
160 68 204
14 246 136
87 178 110
217 28 233
84 125 125
29 43 251
186 225 251
53 100 120
112 93 216
55 170 136
140 90 236
45 141 230
221 16 222
99 196 155
151 174 187
215 47 232
125 25 178
146 41 218
139 154 139
185 59 234
153 229 229
18 232 226
33 177 228
143 177 151
191 16 253
234 149 250
171 70 218
137 130 140
132 5 207
170 97 210
31 129 98
114 112 179
21 51 187
83 187 95
112 211 155
200 6 238
25 44 120
181 123 193
92 201 203
150 158 202
230 6 254
72 215 185
130 103 253
219 79 235
107 101 226
159 108 254
185 30 200
109 227 252
213 119 224
99 124 117
209 113 239
27 169 53
112 57 206
72 180 91
87 105 250
226 56 234
153 102 248
164 148 242
208 236 229
54 7 92
105 107 182
36 196 54
230 9 248
244 221 245
235 169 251
107 147 109
222 84 250
38 21 112
104 109 121
243 181 254
25 120 32
13 142 207
174 222 176
12 182 53
181 12 210
200 114 241
243 106 243
54 20 166
44 166 251
226 169 249
24 187 239
248 108 251
18 149 198
36 237 253
216 239 222
31 221 128
160 232 241
12 157 19
8 7 164
163 222 213
117 84 176
54 4 176
3 56 110
68 163 113
253 146 254
32 99 68
142 59 203
227 146 254
2 222 100
121 98 142
141 26 230
213 166 242
206 28 215
143 30 166
111 183 195
18 59 115
117 28 198
248 159 254
232 138 247
140 78 210
158 1 188
3 218 199
228 167 228
177 148 180
78 203 106
18 9 133
35 209 245
38 127 108
60 49 235
110 113 120
119 114 175
210 113 242
9 223 175
194 139 194
66 80 189
132 82 163
248 35 253
178 123 190
230 219 247
242 220 253
121 75 222
187 200 244
224 235 228
126 174 168
34 128 246
246 123 254
89 191 96
158 110 171
89 150 211
220 71 223
195 28 209
50 56 81
134 132 136
132 28 182
119 103 233
157 154 158
206 250 234
142 183 223
167 141 230
18 53 84
50 229 187
91 135 228
216 141 216
196 83 236
69 37 115
132 113 197
38 123 67
136 175 233
47 108 203
88 236 175
111 239 254
115 153 191
54 146 68
74 243 174
192 137 245
53 170 108
126 37 163
8 31 33
33 145 182
151 84 223
61 162 140
77 161 195
4 93 115
211 116 247
37 55 216
3 83 254
131 145 229
103 42 127
36 52 80
174 136 207
203 191 245
191 33 197
84 80 94
7 248 163
168 166 252
183 148 200
42 218 157
131 82 188
178 110 251
19 38 223
195 194 206
159 198 166
33 60 191
236 250 245
105 216 145
230 80 241
149 128 203
109 4 233
27 40 232
104 201 253
11 46 138
138 4 160
72 142 165
137 176 247
48 119 183
84 46 167
124 193 169
1 178 58
76 30 141
105 247 108
35 172 217
232 205 246
247 231 249
55 243 99
57 106 137
146 45 185
233 113 246
140 72 225
7 233 51
55 145 104
244 195 247
23 161 24
164 37 227
2 93 134
128 240 179
139 53 212
143 107 164
199 22 205
199 66 251
190 174 211
242 81 242
175 131 176
215 254 219
177 150 189
233 208 239
56 64 231
219 120 236
177 27 236
96 121 248
237 184 238
153 111 214
168 191 178
238 199 249
33 162 178
160 108 230
165 227 224
71 209 212
6 206 28
42 13 91
203 143 243
106 87 164
118 95 214
254 250 254
172 157 211
129 63 143
222 80 236
159 165 193
35 139 51
106 192 174
123 64 237
212 47 221
240 34 252
204 18 207
87 154 188
219 213 220
232 45 235
211 7 254
105 218 247
157 83 160
30 115 245
100 87 156
31 35 179
190 87 254
200 71 219
239 11 243
161 229 187
65 160 80
100 171 172
161 197 251
76 210 207
121 254 252
173 144 178
46 84 222
135 175 140
240 132 249
21 22 205
212 92 215
129 131 233
18 92 32
51 70 124
12 112 220
4 153 111
54 138 88
232 97 240
55 134 251
194 167 218
237 237 248
186 243 202
9 244 202
148 221 155
22 236 167
235 251 237
233 254 250
205 251 231
146 3 233
34 89 194
209 43 228
24 73 53
86 189 185
237 145 250
60 58 120
62 113 238
117 52 239
11 121 209
115 65 254
22 62 175
234 174 245
181 146 246
229 115 231
27 41 250
243 119 244
223 181 228
190 67 238
192 176 219
117 127 209
187 241 217
130 110 172
58 139 74
109 230 196
85 28 211
204 140 236
155 104 210
236 7 239
148 4 206
25 189 173
37 151 57
123 20 130
165 204 232
144 248 214
161 60 216
113 225 206
233 102 236
208 191 212
152 52 161
66 4 194
103 127 107
166 153 235
52 144 63
28 180 120
32 37 228
188 38 250
189 177 254
236 201 248
244 50 246
41 34 41
134 220 215
31 36 99
164 233 218
204 51 208
241 109 248
65 203 107
141 224 218
171 226 183
193 100 193
213 83 222
191 86 237
219 134 243
43 143 113
94 137 114
249 122 253
107 122 189
191 247 220
33 21 132
38 120 153
220 149 225
5 225 144
137 41 225
236 227 238
121 12 221
95 242 131
184 186 234
15 99 198
45 185 62
113 220 226
39 140 66
235 29 237
39 31 177
135 60 220
200 115 206
3 225 28
252 227 253
6 189 144
216 13 236
228 133 244
126 52 153
188 130 246
134 102 201
56 87 118
235 240 252
211 194 216
173 207 208
103 75 190
232 213 250
92 131 135
253 77 254
150 170 162
172 161 248
15 145 73
126 203 245
111 234 182
227 103 231
123 123 245
253 202 254
93 108 188
207 31 241
29 179 246
90 94 118
220 218 244
230 125 230
99 179 180
20 86 158
96 248 146
191 60 211
116 52 133
44 132 111
131 81 166
98 234 230
158 61 178
191 189 214
239 228 244
203 69 241
3 94 225
100 187 215
222 39 226
216 94 243
198 165 224
175 93 227
94 99 194
79 109 148
47 157 159
220 122 236
108 225 236
41 168 179
211 6 219
47 214 150
24 232 82
9 233 210
142 128 183
195 70 226
144 225 220
