507
162 104 222
253 93 254
182 11 209
213 249 225
122 83 229
6 185 68
207 179 231
57 193 134
53 127 240
177 148 182
23 123 207
86 223 247
247 129 249
204 105 253
51 57 129
82 70 84
84 77 174
29 59 131
159 73 219
144 196 208
48 164 169
77 171 240
19 146 163
188 215 245
105 202 114
148 237 200
249 174 250
219 93 219
76 75 187
193 120 237
97 103 125
72 105 177
232 109 241
247 201 252
155 48 178
37 221 198
143 61 147
180 21 233
25 249 101
58 160 91
44 167 249
117 47 199
156 247 183
182 88 250
15 150 140
181 163 206
96 155 231
192 129 245
213 150 241
92 40 109
55 121 176
91 159 175
220 242 238
103 101 126
89 86 130
149 156 225
246 194 253
37 100 245
222 16 223
118 207 174
250 213 254
118 118 174
141 155 205
168 241 177
181 18 205
144 230 218
2 207 29
78 121 100
215 21 232
208 89 211
237 52 250
3 112 35
158 188 233
228 61 251
90 131 233
115 118 156
118 107 158
251 247 253
147 55 247
170 253 250
165 137 212
74 107 86
240 168 240
72 71 122
42 68 199
118 94 180
238 42 244
213 75 225
174 4 233
76 105 212
186 166 241
163 38 191
253 123 254
81 10 110
205 58 218
9 26 72
188 233 232
123 76 197
196 35 235
160 176 172
184 98 199
215 224 226
209 169 213
117 65 234
205 180 228
40 253 243
36 100 139
125 51 222
127 210 145
103 198 217
167 64 178
121 77 145
77 62 247
68 177 247
94 235 123
163 143 225
18 102 91
85 194 156
200 241 251
41 175 212
34 130 142
89 211 107
144 36 186
212 207 235
183 203 198
2 227 178
243 156 254
15 158 111
97 146 168
186 184 210
38 34 74
107 76 222
193 62 236
10 167 87
42 227 171
2 149 230
166 141 239
179 223 239
52 166 183
196 113 218
159 35 171
140 21 232
92 53 113
21 101 235
4 210 177
233 208 249
111 37 220
196 57 226
181 179 190
168 100 173
191 226 198
186 251 192
146 70 212
225 161 236
210 240 213
132 37 164
183 225 237
3 96 50
177 100 224
238 177 239
173 177 246
150 25 210
209 139 227
13 249 86
165 70 232
108 83 194
65 183 111
151 80 230
184 79 216
64 114 77
48 30 143
75 250 193
121 58 163
198 144 227
90 220 205
246 167 251
163 118 165
46 195 62
134 246 166
12 227 83
98 15 113
225 185 247
151 113 226
68 201 221
231 88 243
194 245 225
90 72 201
48 99 66
174 99 206
141 131 240
164 124 235
99 227 206
83 238 176
158 119 254
212 239 214
225 84 254
70 158 243
211 44 216
81 66 254
180 193 181
69 6 100
208 111 212
34 105 71
16 134 193
212 129 223
56 147 167
50 65 242
29 217 134
178 82 192
62 173 184
101 209 164
221 32 226
136 223 162
48 230 94
247 95 251
6 27 59
176 200 240
36 37 192
99 47 199
96 174 144
120 123 250
175 245 210
80 24 228
169 51 187
167 7 232
169 17 215
170 161 230
89 221 135
166 244 176
216 46 237
120 229 130
93 155 154
42 200 109
173 186 183
123 234 214
32 168 246
160 231 215
202 29 235
93 189 158
9 46 207
95 159 149
155 220 245
61 238 133
167 94 229
193 25 225
145 177 236
119 179 209
196 86 218
37 180 109
112 159 247
152 105 154
167 27 231
28 220 137
50 15 181
37 171 93
142 254 172
175 175 250
216 66 228
56 184 177
229 250 231
246 128 250
218 240 249
187 77 247
26 254 77
241 181 242
105 94 126
30 210 82
148 233 197
243 226 246
51 209 108
62 236 190
202 55 229
125 163 196
8 195 228
160 75 198
226 254 250
207 54 224
205 142 205
141 188 235
210 82 224
32 63 167
97 7 139
8 139 196
157 155 232
195 196 219
175 197 218
112 254 229
99 25 191
22 174 23
146 150 219
195 28 241
253 2 254
143 250 233
4 189 48
14 111 20
253 112 253
211 244 211
219 137 223
73 20 118
132 177 177
20 117 110
235 4 242
25 183 26
247 250 254
141 161 153
139 1 253
144 171 229
12 72 56
157 50 193
112 150 169
158 23 213
8 69 241
46 143 135
240 31 240
43 233 169
226 15 251
196 243 238
132 190 244
119 27 166
2 174 16
40 207 184
136 188 206
254 112 254
41 39 153
232 173 251
69 126 108
65 135 117
168 222 248
169 179 210
45 154 119
168 107 208
24 82 35
100 37 200
57 167 251
32 71 167
172 219 252
175 237 222
128 86 227
110 163 186
167 98 186
62 156 244
205 136 205
245 155 251
190 210 193
124 218 200
106 215 216
221 171 248
32 60 153
153 181 171
217 71 223
88 79 218
199 97 215
221 234 223
178 139 187
5 47 110
235 138 248
173 99 187
86 203 123
25 22 103
57 158 154
245 42 250
192 18 243
83 95 224
121 9 158
119 254 205
36 94 115
111 23 175
145 174 204
180 223 223
126 174 174
12 135 45
71 99 109
235 130 238
3 206 139
196 121 241
229 3 246
225 90 234
87 71 110
108 180 150
5 210 236
230 222 244
157 78 175
34 54 178
162 49 179
221 218 245
79 5 146
88 144 99
219 57 240
171 115 215
184 223 201
54 235 84
94 108 142
228 147 253
75 153 118
191 61 241
222 244 247
6 158 182
126 111 174
2 222 95
206 166 242
17 211 23
108 34 212
158 117 247
128 73 161
8 129 22
245 121 251
39 28 234
229 74 244
222 81 240
141 169 228
130 185 219
74 105 171
123 204 207
134 114 237
203 177 246
3 138 189
109 129 127
230 80 245
222 150 253
150 32 201
215 184 240
181 161 241
44 27 248
72 111 134
73 58 203
197 3 200
214 23 241
131 37 148
234 34 244
228 199 232
196 169 197
31 102 97
224 57 226
116 233 124
191 86 252
240 248 250
27 183 145
82 70 149
29 61 234
185 124 192
153 9 227
47 105 84
58 50 204
173 125 226
72 95 164
21 243 142
46 238 104
222 64 233
127 206 142
76 189 232
237 14 247
183 26 209
81 154 164
94 157 219
111 253 124
181 53 214
156 103 182
117 73 172
224 203 228
171 135 177
53 47 67
186 1 213
137 195 163
186 242 238
232 123 254
11 108 51
120 216 186
66 61 220
218 210 241
139 144 249
148 218 180
224 224 252
222 210 249
157 17 218
20 93 39
251 117 254
107 4 146
141 196 207
17 92 67
189 144 208
170 181 170
146 199 202
61 135 136
238 229 248
92 9 236
138 9 166
96 58 249
230 178 251
4 118 7
222 143 227
146 254 204
164 248 204
18 245 135
43 87 117
5 193 227
107 190 178
154 21 235
233 52 239
56 114 251
30 201 59
29 252 137
227 99 243
96 64 177
96 32 170
42 12 130
136 87 173
244 69 248
