575
222 115 248
135 178 139
251 129 254
220 228 252
218 96 221
224 214 236
206 107 221
47 73 241
75 77 108
213 139 254
221 132 223
10 193 212
213 134 214
232 47 248
132 103 158
99 25 252
171 86 183
101 154 215
54 222 141
253 43 253
94 214 119
162 11 232
28 136 37
14 208 129
86 251 93
180 27 254
10 61 23
78 129 112
3 98 124
191 148 196
46 120 55
64 105 208
83 55 125
15 7 131
67 42 104
225 70 232
153 1 229
101 197 102
157 194 177
96 4 247
107 82 177
95 143 150
9 41 49
61 80 170
152 77 203
147 38 177
163 110 248
112 2 131
207 6 242
45 61 245
176 200 183
211 194 232
16 168 238
172 53 248
165 185 252
136 181 247
106 123 199
172 165 210
83 245 180
142 133 193
76 115 149
27 129 132
138 232 154
89 178 168
198 166 228
250 194 250
250 97 251
104 105 229
10 81 239
18 75 70
199 72 200
226 198 240
151 141 215
118 250 200
128 1 152
43 228 159
83 157 160
130 202 205
252 53 254
70 131 239
236 213 246
47 174 104
233 186 241
83 137 169
246 254 249
26 43 216
62 97 112
171 125 173
243 94 244
131 122 156
153 50 178
13 240 19
175 16 237
99 4 238
231 36 254
86 20 151
102 1 158
212 16 253
234 162 237
78 111 220
205 45 219
27 138 179
62 241 243
215 236 248
154 107 163
96 174 244
141 233 214
35 80 180
161 105 165
141 100 149
107 242 130
85 3 159
38 39 234
54 73 171
121 186 131
250 179 252
106 153 118
30 9 241
102 186 150
251 86 254
42 179 118
73 45 111
124 213 193
54 36 218
249 133 253
243 205 253
56 38 99
148 72 161
73 193 231
174 115 208
121 114 201
188 163 212
238 54 240
185 151 254
18 61 178
39 128 179
32 156 209
245 237 253
40 207 95
191 124 223
136 99 139
141 28 148
237 103 243
214 145 246
128 158 248
152 197 196
154 207 246
155 156 196
40 254 189
248 210 248
199 138 212
199 29 253
51 209 88
146 181 166
68 198 231
206 162 220
104 239 213
45 133 46
136 110 175
46 174 151
103 185 108
34 229 194
182 96 184
35 114 169
223 216 223
52 105 247
134 47 148
132 44 141
189 33 212
144 105 188
229 156 237
228 135 253
114 7 242
103 2 139
173 216 222
210 229 238
238 41 253
50 83 230
50 11 251
71 201 105
82 124 202
240 119 241
56 20 150
35 83 92
24 93 175
132 118 153
222 253 249
219 28 248
150 48 173
117 171 198
25 12 165
13 88 225
170 245 198
79 192 166
93 250 254
58 119 254
121 74 140
207 227 213
254 86 254
101 69 247
243 60 250
16 50 205
17 72 35
187 178 235
54 154 92
11 21 145
246 23 251
16 96 186
72 253 76
109 125 239
204 130 222
89 229 110
123 46 192
86 200 233
171 46 242
232 29 247
202 57 230
192 58 195
224 110 231
167 101 195
140 235 194
61 177 169
76 144 205
221 241 224
219 210 254
223 200 253
202 230 243
1 112 58
254 129 254
224 205 245
12 198 198
14 198 111
43 118 199
229 202 254
141 209 201
181 107 209
12 46 97
102 53 232
72 122 167
35 5 136
81 153 159
49 61 193
163 86 202
116 197 165
148 234 150
123 133 189
75 45 168
194 81 226
39 151 240
121 48 139
142 33 177
203 126 204
186 153 199
253 237 253
175 26 176
25 220 251
180 240 232
6 42 54
13 192 195
189 69 248
22 66 172
194 213 243
96 32 99
130 89 147
174 168 230
2 23 121
242 61 243
139 63 240
150 144 195
124 46 173
59 223 114
103 132 206
172 196 242
246 241 248
143 177 212
137 101 249
253 98 254
192 82 233
93 245 162
27 102 147
239 242 240
103 242 237
200 28 228
39 141 111
246 108 251
56 158 237
246 72 248
252 25 254
203 59 236
122 115 144
211 58 214
5 10 119
212 24 223
213 151 219
219 132 252
153 71 229
180 233 201
223 100 254
123 156 219
66 234 76
230 100 236
77 175 161
158 178 165
251 55 253
239 140 243
189 99 230
25 197 159
200 231 228
126 251 226
143 184 149
85 241 110
37 124 104
205 8 223
199 134 217
39 115 157
218 221 252
131 105 148
116 234 245
253 74 253
145 83 225
167 226 215
129 167 165
122 4 239
170 239 207
177 86 187
136 147 209
132 162 175
230 137 245
97 162 137
132 102 186
10 5 238
33 79 117
107 12 161
232 90 252
92 222 222
209 27 221
144 67 165
7 192 27
104 198 132
174 157 251
66 243 147
81 50 141
202 17 229
225 96 254
86 220 241
99 82 226
217 65 251
89 232 202
9 86 125
67 225 205
203 207 212
163 219 214
182 100 225
224 38 240
250 220 251
209 92 242
143 23 236
73 48 161
138 176 166
208 185 222
181 124 253
123 63 249
41 144 135
185 119 236
2 177 117
95 171 190
143 221 171
152 215 155
242 138 250
224 163 238
88 247 231
251 243 254
221 71 225
126 25 155
131 206 234
19 125 241
2 197 128
137 39 193
192 167 244
85 77 119
146 196 226
61 122 109
136 25 245
203 175 211
77 124 219
235 187 240
7 137 92
222 214 232
184 63 225
148 193 227
65 108 231
124 30 182
162 106 224
212 111 216
13 108 78
232 150 250
237 80 253
210 17 224
122 174 189
202 188 226
93 73 167
225 10 227
98 162 120
195 141 196
81 188 230
150 176 155
104 42 217
69 243 153
53 90 107
17 64 133
102 209 181
205 203 215
155 17 189
254 145 254
136 228 245
104 114 204
167 57 201
122 156 160
234 213 235
132 16 227
221 117 234
233 123 233
39 29 160
219 163 226
253 170 254
49 233 167
143 194 251
205 5 207
218 161 244
97 217 118
130 218 145
172 190 253
1 169 126
40 91 78
174 23 183
85 44 244
1 227 232
33 39 200
138 174 197
205 127 248
59 120 247
87 63 168
246 242 250
10 90 172
3 88 161
56 238 179
74 128 246
162 111 190
233 233 237
238 99 241
160 148 164
183 221 191
28 49 149
216 131 219
227 137 229
166 224 180
135 191 218
174 1 180
53 202 159
210 69 211
221 42 245
60 71 60
55 109 242
73 129 132
243 35 244
87 104 250
9 168 110
78 185 82
185 19 254
167 146 245
38 108 249
202 139 233
68 72 71
72 46 138
77 68 102
149 9 222
16 132 95
145 64 241
113 191 166
102 152 183
33 44 184
53 19 244
202 164 227
188 67 244
237 170 238
239 223 250
70 13 95
96 18 131
228 118 251
251 115 251
40 198 120
171 4 220
113 54 180
150 117 212
84 1 88
112 75 132
61 116 114
156 102 200
226 189 228
144 79 244
179 106 196
197 235 215
154 251 175
35 44 152
107 58 164
80 127 110
228 9 232
74 25 110
114 72 128
201 31 210
201 251 252
107 137 184
65 222 188
187 26 227
176 233 194
25 101 106
70 230 205
202 129 228
66 132 113
81 27 248
166 224 195
77 102 98
61 244 148
81 15 112
120 221 186
170 115 197
180 177 245
192 7 208
189 163 241
175 248 181
95 188 235
73 36 119
138 205 173
23 28 94
117 129 177
127 21 192
179 7 254
102 9 176
229 137 248
66 238 103
65 25 66
156 6 235
73 30 247
48 135 190
41 46 251
122 74 193
70 79 167
153 149 207
110 175 217
12 67 16
244 82 244
134 140 141
66 94 147
90 104 247
238 172 247
7 99 254
64 250 208
192 47 234
101 42 210
157 79 227
76 252 101
204 39 247
67 23 202
234 158 254
68 238 141
64 236 96
101 166 217
87 168 100
8 171 229
13 15 179
32 27 48
227 26 237
253 59 254
215 95 215
7 139 137
