2785
53 166 104
65 113 210
109 136 254
26 45 94
57 184 188
194 52 235
80 187 187
32 232 104
183 73 198
66 8 201
99 188 152
69 119 113
190 4 239
29 248 229
93 86 210
194 185 249
4 220 98
144 191 172
107 157 139
148 195 181
192 233 223
228 4 236
103 209 216
235 29 244
29 149 107
253 109 254
91 6 193
3 128 36
102 42 192
38 114 200
32 198 161
225 35 241
26 44 148
252 16 254
246 150 252
247 1 250
252 135 253
163 114 190
240 59 240
32 132 165
14 245 118
8 192 33
246 207 253
207 223 246
208 147 237
63 245 115
81 189 164
84 89 132
157 58 203
22 43 136
147 59 178
119 21 145
125 113 226
132 254 186
162 178 205
174 111 209
51 139 136
73 180 102
205 182 220
63 149 185
1 215 126
98 150 217
193 166 196
48 76 203
207 93 251
156 61 169
62 235 175
187 169 248
74 41 146
239 92 246
58 209 229
18 191 66
126 155 166
211 136 232
153 220 241
210 207 239
149 164 185
102 195 169
253 182 254
117 44 121
105 127 174
108 55 182
199 140 221
215 78 222
61 194 151
33 214 63
231 226 248
12 80 80
138 106 214
193 112 194
156 214 161
221 82 222
59 163 67
219 189 250
175 199 180
240 211 244
1 246 27
80 38 173
58 88 203
25 201 199
92 178 108
249 185 252
168 194 178
164 83 206
254 29 254
14 239 69
2 129 43
100 197 158
244 84 249
243 236 253
253 55 253
24 36 136
100 111 224
234 157 239
52 197 129
236 136 239
72 188 87
237 163 248
170 196 254
240 174 248
235 151 252
117 70 242
52 233 56
247 42 253
142 236 233
93 73 186
243 191 244
224 99 238
1 194 238
145 23 229
79 110 130
199 237 214
145 197 239
220 245 244
168 146 217
12 94 248
46 95 151
93 183 152
74 37 191
161 39 179
244 63 254
29 175 132
214 111 244
177 158 241
54 214 209
47 74 226
115 223 144
247 194 254
25 192 50
237 42 251
73 6 110
219 217 240
199 124 238
174 8 233
97 58 239
178 117 230
151 149 204
119 73 174
137 106 143
55 6 195
199 140 211
34 142 239
72 140 237
144 136 155
113 135 156
124 46 134
136 15 242
8 105 111
77 87 174
183 194 223
250 246 250
178 62 222
199 146 214
207 233 235
238 224 248
69 87 77
47 136 194
30 71 216
132 154 244
66 226 242
69 187 163
230 209 232
8 145 80
201 142 243
55 146 135
11 171 252
99 218 205
56 117 198
29 15 134
129 112 159
75 232 95
183 50 224
252 42 254
11 48 35
91 213 180
64 240 77
172 168 211
130 28 157
128 76 253
219 98 245
76 248 221
90 27 166
5 237 137
197 63 211
200 252 239
202 37 211
155 89 157
84 124 116
68 92 215
228 204 248
207 127 245
26 182 171
150 35 192
101 176 159
21 168 243
71 241 236
251 81 251
101 86 188
214 167 243
183 80 217
12 75 217
161 30 250
1 170 77
172 196 200
233 123 239
159 194 208
34 58 139
167 111 218
29 97 169
96 43 182
180 169 216
85 163 85
193 71 194
199 245 206
181 201 192
17 73 126
124 186 250
148 150 167
23 224 162
244 159 251
21 54 47
252 56 252
36 222 144
218 245 247
244 235 250
195 128 231
130 199 213
99 143 244
127 65 253
231 75 236
198 68 235
109 25 162
123 200 166
184 86 193
89 97 174
236 6 236
128 103 185
122 57 195
160 108 189
167 42 189
192 112 208
83 101 104
45 205 198
201 231 213
230 74 249
204 177 227
210 15 251
211 96 241
135 139 162
122 20 150
131 212 241
185 184 199
230 253 248
35 18 202
184 211 215
224 65 225
120 161 229
32 166 64
78 186 105
184 90 189
210 237 213
5 250 180
167 23 215
156 200 208
167 142 194
125 198 253
233 12 240
207 157 235
94 217 116
123 173 136
66 230 219
32 52 144
193 29 198
95 135 166
212 164 250
24 94 52
164 20 240
124 207 141
126 16 203
84 112 134
192 183 251
140 29 214
234 212 242
197 40 209
174 170 187
92 5 111
46 59 62
152 27 237
89 73 124
95 44 210
92 148 113
104 170 237
173 231 233
110 3 157
82 87 140
144 61 242
250 40 251
104 197 137
55 233 210
61 169 64
196 205 215
206 100 240
221 245 224
254 137 254
110 54 146
77 238 220
138 104 184
164 144 229
134 185 235
52 251 105
69 221 70
221 76 227
32 21 175
174 221 177
66 198 219
189 186 206
2 51 193
244 229 251
140 193 199
111 243 114
254 121 254
48 197 144
122 173 143
29 74 214
114 209 116
42 28 248
6 254 153
151 67 222
254 172 254
183 78 215
159 137 247
156 160 179
160 60 213
228 195 231
171 161 251
61 15 218
64 19 125
176 161 231
15 145 51
93 118 198
193 93 196
149 15 253
32 95 198
202 180 254
199 245 251
127 39 210
97 219 166
211 161 223
26 156 144
134 184 138
66 213 77
222 37 230
244 77 254
12 204 28
92 170 199
7 98 184
44 75 176
125 53 180
108 207 114
17 136 125
110 181 178
119 6 142
119 191 157
227 107 246
130 49 146
120 99 188
78 189 134
207 138 229
213 148 221
228 80 240
6 231 147
181 115 226
52 40 161
142 1 165
105 54 148
118 76 218
5 67 36
112 114 206
15 137 124
186 116 232
229 235 238
236 161 247
40 177 74
103 232 179
237 101 243
49 72 209
159 112 225
222 134 247
136 3 197
248 88 250
154 87 218
90 165 196
35 109 42
118 59 236
241 166 241
140 88 149
167 182 213
139 247 216
212 232 225
193 177 204
248 33 251
14 80 112
7 123 95
172 77 175
97 74 231
81 243 180
232 209 247
75 159 230
69 97 194
179 221 181
239 145 249
182 54 242
238 60 248
79 235 184
123 86 188
147 106 199
199 242 216
164 221 222
199 54 227
230 177 250
226 172 236
116 193 216
7 229 116
227 28 238
38 127 143
77 225 174
50 163 120
155 27 200
242 226 242
102 103 151
177 137 187
27 30 67
152 169 153
20 161 63
130 158 239
201 50 212
120 250 131
91 59 152
203 106 221
178 37 253
38 67 223
72 54 105
155 253 168
140 82 218
111 160 217
24 18 86
231 140 243
240 179 241
133 164 160
58 227 160
68 113 127
231 72 233
59 5 110
14 208 127
149 152 204
26 85 218
164 33 172
95 152 167
57 100 80
156 209 174
239 215 239
157 185 169
191 201 241
241 83 247
206 164 221
169 235 253
224 244 234
23 188 178
78 122 111
113 69 195
167 253 194
41 55 218
105 99 166
240 233 247
139 28 252
140 151 189
68 63 81
2 173 171
122 228 167
24 191 35
84 182 204
131 87 246
101 230 179
54 21 158
59 206 171
49 15 228
142 80 193
125 161 202
245 16 252
211 162 230
248 214 251
161 3 205
209 186 218
9 35 59
68 159 100
97 187 248
218 16 221
77 126 175
101 94 216
42 233 244
94 19 240
156 175 237
121 83 223
39 27 179
245 193 249
61 23 120
36 131 43
140 64 187
246 65 250
8 135 228
169 184 186
169 107 231
134 237 223
224 214 229
106 160 113
169 76 196
53 216 154
137 40 163
163 184 237
138 56 214
149 144 194
154 237 183
73 59 142
72 157 142
115 183 133
200 249 201
233 200 236
145 170 246
36 117 128
63 81 83
69 12 234
35 35 254
206 22 243
51 65 253
169 251 196
55 251 232
226 231 251
126 119 151
171 23 191
239 237 253
183 214 205
111 142 194
90 42 181
81 124 109
154 147 201
121 177 179
121 238 205
160 139 242
34 247 187
20 245 207
238 69 252
205 59 223
45 112 229
111 16 143
229 22 236
175 243 192
88 7 231
78 195 128
195 202 235
169 89 196
60 225 254
140 2 202
150 114 185
164 56 225
109 213 227
207 223 247
3 75 138
229 242 240
104 231 194
212 124 219
88 249 234
155 172 172
91 64 127
200 215 229
204 31 251
186 162 246
51 126 155
61 216 99
155 110 164
9 210 168
160 7 248
13 125 119
243 48 250
219 178 223
136 8 235
209 72 234
120 49 181
136 197 226
168 231 231
66 43 181
78 240 125
225 236 241
216 238 246
6 213 146
89 82 102
221 94 225
176 186 221
87 165 153
187 99 248
200 248 240
230 92 239
38 46 116
67 161 144
253 237 253
96 185 201
233 161 251
183 74 186
160 115 215
29 8 244
226 232 249
200 253 215
80 146 136
252 232 253
250 225 251
152 125 210
77 145 89
156 49 233
10 118 167
142 159 251
4 57 112
59 160 254
165 1 165
110 80 122
118 109 168
220 188 233
72 191 118
117 170 149
132 57 152
177 41 177
242 204 253
114 40 126
128 242 246
233 100 237
27 77 116
111 194 251
15 135 180
237 145 244
237 82 241
47 37 75
194 111 196
77 19 150
233 36 243
219 199 220
115 152 209
39 140 78
178 116 195
50 244 113
197 171 252
140 81 215
43 46 211
156 193 177
219 218 242
138 123 143
180 63 215
108 198 159
170 205 228
80 240 241
178 85 201
190 209 217
211 205 228
57 144 57
27 185 189
44 74 131
178 176 238
37 171 99
44 57 225
200 92 229
80 190 156
214 26 241
62 119 154
177 238 220
234 251 253
222 10 226
151 116 200
154 64 214
240 38 245
181 232 208
74 174 226
120 47 164
236 198 243
153 90 156
11 158 129
4 57 101
87 161 100
184 212 192
254 8 254
254 245 254
200 234 206
96 185 192
117 213 185
236 91 243
146 139 247
179 108 251
136 246 202
87 64 216
14 226 54
111 95 155
146 246 192
32 185 168
198 60 250
142 170 163
134 197 169
43 178 85
231 104 244
22 227 209
249 110 253
175 32 236
213 218 239
238 242 244
33 47 113
140 130 249
120 138 199
51 186 54
75 169 150
12 238 209
62 232 80
146 10 168
83 165 99
66 82 81
44 131 112
104 209 139
127 42 152
161 34 221
16 74 240
53 59 170
66 61 236
198 73 229
71 41 221
206 62 227
89 62 205
49 104 196
5 16 229
54 169 164
186 32 203
230 65 249
148 234 190
93 26 195
234 79 249
177 103 240
177 195 185
186 181 222
220 190 227
248 18 252
33 132 174
239 119 241
88 208 196
223 26 230
228 121 242
136 124 218
201 139 231
181 8 181
41 72 161
231 119 234
143 221 183
98 78 154
31 76 231
124 130 225
144 98 174
187 108 217
32 7 96
106 135 128
70 100 200
158 64 209
29 181 44
147 128 249
31 136 155
160 48 226
206 161 212
78 175 205
10 244 52
30 100 83
154 87 195
166 60 225
115 76 169
176 203 253
169 47 247
144 16 205
93 68 93
153 56 218
41 126 94
185 160 185
200 84 245
75 26 86
41 197 197
134 113 214
36 44 172
161 76 239
30 55 209
236 215 239
9 112 74
219 118 249
91 232 226
150 5 205
243 105 252
242 98 246
178 15 248
23 157 144
51 46 205
117 228 199
128 149 225
158 50 230
184 239 240
87 162 209
55 110 69
238 151 238
23 241 139
11 96 109
220 236 235
246 146 249
89 215 229
53 10 120
107 140 226
230 231 245
247 188 253
82 76 125
153 121 226
22 15 128
137 240 254
184 211 244
240 26 248
150 211 209
134 143 219
50 2 106
200 35 234
203 6 229
187 248 251
161 53 222
235 100 244
214 130 222
200 105 231
234 132 234
152 179 231
56 177 253
42 113 49
170 2 247
173 75 195
116 231 171
72 240 165
203 73 245
140 5 222
52 151 205
9 10 191
155 153 188
151 166 175
121 213 207
72 182 134
133 41 202
233 198 243
137 41 244
213 179 238
229 226 247
9 107 43
43 20 117
46 21 52
54 107 188
64 242 251
173 101 190
196 101 196
5 107 52
122 105 150
148 169 182
243 180 243
245 5 253
19 211 36
35 202 234
85 85 185
79 162 183
176 156 193
191 81 214
208 174 210
26 204 240
146 166 249
125 60 126
245 252 245
153 64 155
35 46 184
136 236 185
245 79 245
12 6 202
152 246 206
7 29 231
223 166 244
86 190 165
87 16 132
9 64 182
108 127 123
196 219 220
159 127 236
6 134 253
252 165 254
94 248 217
145 54 169
179 164 246
20 183 238
234 24 246
232 177 238
147 163 182
247 30 251
93 235 142
124 115 128
3 254 196
192 187 199
139 243 209
210 235 253
49 35 222
114 127 200
232 150 244
8 238 128
204 191 206
130 193 249
110 3 210
44 62 142
213 210 236
76 158 157
24 245 241
91 75 122
55 12 182
244 110 244
37 65 194
202 207 205
197 79 213
21 89 212
215 33 223
241 77 242
69 2 75
204 68 243
138 70 209
43 246 46
232 226 235
153 242 191
220 148 239
204 77 231
23 37 152
111 208 185
21 146 170
55 214 240
210 124 248
152 10 221
38 130 146
200 38 203
170 222 172
180 113 187
165 2 165
48 180 63
98 186 113
136 27 254
34 91 202
28 203 114
95 44 95
193 176 220
3 79 76
179 222 196
9 52 69
142 205 185
136 106 173
228 152 237
1 92 126
14 75 217
250 209 253
229 50 232
165 193 242
138 173 178
186 146 216
237 15 240
122 2 146
124 206 228
28 68 229
178 78 207
21 249 57
69 177 79
213 47 237
114 105 167
44 236 90
161 232 200
7 176 212
56 96 122
72 204 138
194 66 228
85 17 110
36 173 215
218 99 225
25 60 211
117 137 192
79 131 167
15 45 221
169 239 171
103 164 251
59 104 102
70 88 112
13 234 172
207 208 239
50 214 84
117 247 243
222 198 250
201 42 250
177 1 183
90 214 220
208 189 247
104 104 227
61 37 89
203 222 211
36 68 210
106 14 236
150 195 181
5 143 106
162 215 207
89 132 191
224 41 232
72 135 131
247 227 251
125 123 223
136 111 204
163 124 217
133 42 252
246 52 250
154 134 157
70 186 199
120 92 210
87 232 222
73 118 233
27 157 133
72 111 143
250 26 254
48 71 182
46 200 59
118 98 133
198 225 251
113 215 191
134 241 195
155 204 186
44 45 82
220 17 226
245 234 249
166 42 240
57 221 187
85 160 173
144 118 246
89 26 230
199 186 251
204 227 228
71 239 188
234 121 246
74 72 163
232 245 244
97 65 98
219 193 242
115 97 136
158 147 228
60 234 111
203 83 228
35 152 165
236 228 253
46 223 81
132 66 175
224 78 249
9 202 51
199 254 215
248 72 252
88 142 233
13 177 103
119 169 190
85 86 184
2 133 59
151 178 173
183 111 185
5 123 142
128 163 225
75 211 108
210 83 234
175 177 208
228 86 236
172 73 179
87 156 238
42 33 93
83 109 234
108 147 250
94 143 192
57 106 89
52 226 76
106 63 142
175 73 183
67 186 212
127 86 178
145 64 220
216 216 230
208 247 219
72 213 220
233 139 243
109 241 124
211 238 232
11 75 132
239 19 252
80 88 197
188 213 246
232 43 247
134 149 250
100 62 159
62 241 217
104 167 145
167 159 225
117 232 145
215 199 223
174 39 227
51 251 232
177 156 209
2 158 46
26 41 237
188 252 239
144 71 160
253 189 254
236 93 251
18 6 119
126 240 235
67 42 202
5 21 214
36 118 130
23 78 173
132 84 152
93 226 161
19 164 129
100 121 161
65 113 116
79 119 99
11 224 148
213 98 224
219 247 228
80 160 235
188 42 245
107 184 234
29 244 71
250 128 254
31 166 103
203 253 220
76 175 153
137 191 142
26 137 203
180 147 197
145 100 192
7 1 102
16 87 50
153 80 223
216 115 253
193 51 237
177 76 208
182 134 212
244 212 250
54 15 123
30 223 72
148 7 150
59 57 232
188 110 239
187 19 203
37 249 183
61 146 219
135 189 185
213 117 238
126 53 180
254 141 254
3 51 73
99 197 185
112 193 229
49 145 183
54 9 111
234 246 240
207 94 234
205 228 244
60 125 253
41 98 51
232 168 238
187 137 203
105 193 131
36 36 88
183 153 251
188 115 237
51 148 141
115 94 228
135 47 244
83 160 172
126 191 134
125 69 232
156 211 177
217 180 237
99 56 159
50 187 194
73 96 139
144 187 168
243 18 243
85 136 218
96 67 225
193 138 202
62 241 246
159 171 187
54 199 225
214 125 226
242 101 242
206 9 246
42 226 197
103 8 247
1 134 4
43 224 227
254 138 254
43 205 176
124 132 202
64 87 123
218 28 221
229 199 249
49 121 195
135 113 246
78 159 115
24 19 231
51 240 130
200 200 233
41 149 101
144 253 181
184 201 221
197 111 205
150 30 248
199 2 206
195 169 224
18 65 234
60 12 150
4 19 71
161 188 167
163 5 218
171 192 208
45 20 114
249 3 253
25 181 140
31 103 219
105 224 254
110 197 118
244 72 249
207 115 228
81 150 213
96 164 136
46 72 52
155 216 236
217 164 251
15 161 252
31 163 85
136 16 183
199 96 214
137 180 225
18 254 197
212 41 245
211 117 242
143 117 204
204 228 216
249 46 249
59 34 113
12 11 206
26 39 69
125 17 137
233 107 254
58 51 115
175 223 199
229 40 247
27 93 33
249 145 254
151 68 188
166 210 172
111 100 163
136 241 208
100 194 208
89 30 115
106 242 159
28 201 69
73 178 133
51 217 81
97 103 198
141 145 148
125 248 149
227 64 250
175 93 180
167 97 174
238 225 253
235 122 253
101 157 139
27 83 159
171 186 237
132 24 217
12 122 144
198 253 208
10 50 97
53 222 218
231 8 251
121 192 210
2 57 81
39 6 91
83 3 129
138 18 178
168 100 171
90 23 160
90 175 155
189 136 253
91 100 126
198 213 228
120 154 124
159 222 205
103 193 200
135 47 233
146 146 222
208 152 231
227 92 228
52 124 172
230 143 234
152 149 160
127 212 240
93 123 122
70 39 132
254 68 254
198 118 208
120 224 154
29 26 148
219 149 219
3 186 102
26 15 65
178 126 254
53 152 101
227 236 238
209 225 226
78 92 241
42 196 249
51 41 242
124 39 218
85 252 251
223 205 228
197 39 220
101 104 132
72 237 121
197 29 201
242 7 244
39 236 164
197 210 217
102 205 151
167 165 196
112 147 244
73 31 172
78 60 121
105 158 105
187 40 187
198 232 221
64 237 185
145 136 237
50 34 234
30 177 51
24 42 150
171 134 184
144 54 229
77 142 105
175 181 194
170 198 225
119 217 190
78 101 206
60 57 131
155 21 188
248 2 248
207 191 246
45 204 110
156 237 200
175 45 214
107 244 236
82 2 252
216 117 230
69 56 143
165 253 236
69 19 214
26 140 140
185 223 227
121 219 137
163 129 168
223 112 234
75 131 204
124 221 187
77 199 98
129 70 192
66 240 121
134 160 253
42 94 147
58 192 137
157 253 167
251 35 254
152 216 157
174 119 231
201 135 237
92 194 191
20 64 179
216 8 232
98 174 180
135 131 252
69 92 191
215 130 250
69 4 146
61 91 250
230 81 233
141 111 149
190 55 215
26 16 56
200 12 247
152 186 214
93 69 158
229 65 249
91 224 242
151 230 207
238 148 254
68 48 157
3 5 198
25 237 142
93 246 130
153 228 253
182 29 197
100 252 205
245 16 254
80 73 195
249 146 250
83 151 96
170 15 231
70 196 86
228 244 230
105 81 105
245 60 251
122 4 198
54 25 111
126 151 143
234 84 252
221 121 241
26 27 41
15 186 123
29 27 196
86 42 93
183 41 230
142 185 238
203 43 222
196 108 221
29 24 133
206 4 228
59 113 91
71 42 211
157 168 233
223 169 242
93 95 100
88 45 245
61 150 181
109 55 171
242 37 247
36 59 227
81 48 165
6 165 124
31 29 66
166 96 193
207 190 246
76 167 108
148 190 197
245 37 252
114 102 227
154 202 245
150 13 156
61 80 189
96 178 220
224 138 252
137 28 156
214 153 249
65 158 177
102 1 173
160 129 164
18 43 245
128 47 161
80 46 211
96 51 210
238 67 247
196 124 248
104 132 127
73 215 137
146 203 179
44 70 84
32 208 171
148 243 150
147 88 222
129 205 185
51 12 142
85 233 204
223 46 235
216 73 237
15 42 52
203 85 210
137 237 244
215 116 247
68 155 219
93 164 203
12 133 172
30 185 202
21 117 183
214 122 221
96 212 216
248 111 249
151 234 254
157 195 243
144 235 187
253 118 253
104 55 196
68 250 177
244 26 250
135 18 165
74 116 151
74 159 209
227 187 248
216 236 252
201 152 211
131 68 157
11 40 184
208 83 229
88 26 91
160 49 196
28 119 201
241 133 253
196 90 208
203 41 220
18 148 69
168 53 222
148 115 231
126 30 243
194 105 225
151 22 158
60 120 111
139 128 226
253 120 254
220 95 245
161 189 240
170 242 197
208 201 212
245 133 246
241 92 241
105 243 128
84 116 219
96 191 238
35 92 124
183 124 185
164 160 221
126 151 240
69 192 156
16 226 250
53 94 65
243 99 248
247 11 250
132 59 162
70 42 124
238 177 244
9 42 184
115 101 128
171 113 209
143 104 208
176 170 222
100 253 254
168 240 181
3 238 231
117 251 120
193 124 226
6 69 118
84 253 184
12 163 76
220 152 224
39 133 97
183 64 199
73 59 220
2 82 117
85 67 159
45 166 82
157 253 202
10 178 150
1 195 85
67 147 87
244 229 249
56 162 191
15 204 70
4 120 154
156 251 189
164 208 185
28 213 187
144 80 176
252 236 252
66 67 236
196 5 216
161 143 228
197 117 245
157 85 162
197 189 226
115 194 127
104 209 208
78 200 253
18 41 195
44 163 205
97 180 193
108 196 231
173 133 239
114 198 201
87 224 125
226 78 239
134 152 253
51 176 174
107 11 144
231 31 253
227 26 230
49 124 104
195 12 203
150 96 223
212 121 224
127 199 225
216 249 253
205 74 221
30 190 221
123 46 176
80 98 227
102 253 252
17 250 92
92 249 177
8 250 217
228 184 247
239 22 253
237 75 243
63 50 234
163 194 209
6 55 35
152 111 155
58 234 138
190 18 220
75 220 125
67 143 155
139 189 222
139 43 224
184 180 232
40 144 143
65 28 229
29 22 109
10 64 180
64 54 228
32 154 196
120 2 178
18 138 190
83 86 203
70 242 142
247 132 253
146 196 175
65 95 134
51 171 197
175 221 242
133 39 182
158 188 175
179 67 193
22 74 195
188 230 221
89 144 204
176 184 176
222 212 239
13 172 112
57 70 178
54 45 114
89 163 104
172 71 210
43 80 228
220 169 221
38 52 245
19 251 240
30 187 84
226 170 245
159 124 224
233 118 245
76 230 209
7 106 7
204 114 231
147 79 239
210 241 214
136 190 212
65 229 127
142 120 165
85 62 203
98 91 108
156 51 212
105 129 192
184 177 229
15 67 112
61 178 114
149 204 201
132 221 236
249 112 250
197 110 234
158 239 221
18 216 39
247 70 253
241 33 244
74 32 235
20 9 43
200 233 215
125 185 161
240 1 247
152 119 162
24 34 185
134 189 150
209 168 210
24 6 200
245 182 246
49 165 224
112 65 249
178 42 233
73 33 213
238 91 240
231 13 231
25 114 222
32 102 229
78 82 252
67 44 194
92 131 160
98 212 240
135 29 196
160 2 254
44 201 48
224 198 225
195 12 218
115 137 148
146 156 234
50 233 87
97 186 209
89 118 229
208 1 250
90 37 176
13 25 162
7 117 90
124 199 133
176 203 209
28 208 49
205 106 218
83 72 240
246 32 254
224 153 234
14 1 193
24 89 75
59 193 149
112 88 140
65 96 184
207 227 211
57 39 63
146 152 155
226 115 229
164 153 240
6 183 179
81 67 212
210 111 253
238 50 251
177 150 200
240 41 249
143 48 176
143 209 204
153 184 214
170 43 228
228 248 228
33 201 99
33 111 138
239 176 242
74 59 90
25 129 197
132 227 223
200 45 254
180 247 205
143 176 250
159 180 167
201 80 204
15 83 88
140 165 144
24 48 84
90 221 210
4 247 71
172 199 226
1 104 90
216 110 234
102 196 157
21 44 223
83 156 244
22 101 178
230 164 235
86 63 244
69 29 235
10 79 172
65 188 178
71 126 115
236 52 238
244 179 249
183 254 224
160 58 179
50 65 182
240 237 252
245 83 248
43 60 93
118 136 128
33 214 56
38 52 41
76 139 162
5 231 120
123 217 238
101 45 108
254 246 254
162 227 162
109 109 180
94 254 107
194 155 249
82 82 213
63 64 75
46 192 106
155 53 240
177 17 253
129 75 225
95 215 140
206 92 208
244 2 253
113 16 182
26 56 51
94 114 239
241 200 243
152 32 192
105 143 253
220 113 233
44 123 62
124 68 245
148 239 245
202 86 203
106 190 124
225 89 233
136 167 159
234 105 247
200 148 239
45 72 112
71 163 175
205 3 228
165 65 198
141 24 187
73 78 102
20 35 225
144 125 240
134 135 224
228 38 244
138 123 191
138 145 246
97 65 103
134 233 199
183 64 192
167 88 253
54 4 63
247 201 253
226 68 253
118 206 143
8 189 122
81 77 190
73 215 156
57 104 233
171 43 221
238 102 248
133 252 242
86 114 111
238 200 246
10 135 209
186 37 243
23 253 130
193 185 242
57 245 144
182 66 253
241 140 249
199 111 236
138 96 188
132 102 142
166 231 171
29 191 177
123 222 238
157 142 223
86 130 154
174 33 186
112 96 118
77 232 204
203 144 208
16 201 200
251 201 254
74 83 187
84 126 232
235 104 238
154 139 227
65 31 197
6 185 34
61 38 66
31 54 123
74 31 167
49 128 220
85 193 239
163 175 167
240 221 247
159 208 211
196 80 238
252 145 253
227 247 241
100 250 191
85 148 203
165 90 186
226 189 244
10 247 153
18 112 83
44 251 110
248 189 253
141 44 224
138 75 216
248 107 251
186 158 232
87 145 221
85 11 253
149 177 192
114 195 184
100 1 222
12 129 71
45 70 211
6 63 133
205 136 252
150 191 203
130 4 148
111 119 248
247 162 247
73 102 173
19 164 135
168 254 242
155 33 179
99 57 196
167 1 205
232 50 249
223 160 233
148 45 247
237 13 239
229 195 248
180 121 220
36 40 223
118 187 145
38 45 165
182 192 243
60 164 123
191 225 197
13 233 228
196 160 248
20 120 153
119 40 183
162 137 224
146 93 229
89 240 157
191 26 223
191 116 234
76 89 142
200 138 227
186 155 207
179 131 214
182 129 201
39 97 119
221 140 231
229 61 252
202 105 254
120 169 247
141 253 175
191 189 197
76 132 111
9 98 148
123 230 146
47 91 118
42 161 119
180 126 196
42 125 199
29 185 176
93 94 141
53 156 241
53 66 170
65 165 154
28 108 119
240 200 242
154 244 194
134 85 247
201 142 211
237 43 249
207 84 248
135 74 228
200 19 244
141 35 177
185 248 248
64 141 74
121 170 132
111 229 116
86 63 164
150 141 195
124 142 138
134 220 245
81 107 117
197 61 243
157 136 209
96 235 111
50 11 185
66 177 161
118 16 212
206 16 220
84 202 183
53 22 179
24 4 47
12 46 91
133 181 177
53 237 209
232 14 240
71 192 155
70 18 205
53 171 206
3 108 146
17 38 68
164 225 229
83 143 163
24 8 32
61 41 194
181 53 182
164 166 176
94 151 190
209 176 224
144 52 180
145 55 156
124 220 143
178 25 215
216 79 236
202 13 253
204 129 232
116 10 195
181 59 244
141 60 244
42 201 50
41 131 102
81 88 126
51 179 241
127 155 185
127 213 135
176 9 243
179 41 206
68 4 154
18 36 77
7 151 21
42 208 159
60 188 224
39 101 234
72 97 168
6 90 162
139 240 210
228 70 253
43 152 151
216 168 221
132 162 171
35 7 87
110 146 149
142 190 194
38 6 188
210 168 212
85 215 146
250 90 251
221 39 241
66 125 70
123 231 254
105 178 175
100 60 127
26 136 150
191 252 234
69 209 226
60 253 199
124 155 254
119 178 224
105 4 208
197 54 223
243 197 251
174 203 176
77 213 184
120 47 196
195 240 197
140 16 162
105 14 154
6 240 140
49 48 246
224 145 242
59 52 139
18 25 91
93 175 126
144 36 200
54 247 58
92 37 97
94 224 119
64 95 103
242 26 246
218 25 237
236 151 252
185 35 238
21 28 193
200 61 247
166 211 184
144 191 179
248 116 253
245 221 251
15 14 143
103 214 107
243 117 245
151 244 162
63 126 173
90 24 143
234 142 243
201 83 245
161 93 171
21 214 103
53 81 127
237 146 243
121 157 219
228 180 240
149 177 212
56 34 180
165 2 227
109 90 236
19 2 244
132 191 204
117 31 230
84 104 218
180 4 217
213 223 214
198 42 246
114 170 126
181 194 189
126 10 162
123 38 130
235 197 249
84 105 198
100 229 253
112 70 161
205 57 210
209 185 213
101 245 177
229 43 232
107 21 147
185 155 216
70 170 209
164 191 219
66 74 131
253 17 253
50 195 238
188 83 191
139 195 247
22 84 154
47 213 192
75 214 129
57 83 112
155 54 233
148 192 229
226 197 249
157 151 162
169 157 172
233 237 241
68 149 113
112 229 196
89 61 177
62 73 168
231 65 252
85 101 182
175 69 241
68 155 176
3 225 162
202 71 236
106 91 139
99 92 115
133 184 251
145 122 248
216 99 245
11 150 245
210 188 226
68 158 185
76 137 114
74 227 195
163 28 186
114 159 200
84 16 129
55 56 152
187 148 190
239 206 253
44 68 147
2 125 161
24 68 161
109 189 200
161 48 236
57 156 119
2 191 68
66 222 131
249 100 250
65 9 95
236 248 241
136 20 147
222 101 228
89 114 113
75 12 154
63 26 108
18 34 195
82 174 107
100 22 158
189 47 227
200 22 241
63 102 219
99 124 195
12 184 48
134 57 164
55 174 195
125 200 233
131 93 190
81 171 144
155 43 247
151 38 230
94 57 164
7 29 185
208 176 212
42 15 159
87 210 124
214 208 218
237 42 253
200 18 252
64 77 125
113 92 222
73 187 122
40 36 79
144 120 201
19 234 19
110 196 135
251 110 253
216 114 250
253 42 253
116 218 252
111 56 193
47 62 215
124 169 184
17 76 254
172 177 239
89 35 227
1 230 243
125 83 131
64 53 103
231 44 233
113 170 170
167 128 190
162 249 211
13 166 26
92 248 104
138 125 188
222 156 226
62 248 98
237 87 246
58 191 166
132 134 229
140 141 145
138 148 226
162 67 205
231 154 238
190 89 220
230 199 243
91 214 107
236 69 239
6 181 150
79 202 92
154 57 217
56 36 154
102 220 121
72 219 225
181 102 235
50 147 236
175 12 187
243 165 249
48 94 169
137 68 173
25 108 176
136 97 233
185 233 254
201 17 246
87 210 250
61 90 169
65 110 253
158 120 177
74 118 112
236 104 241
90 110 243
78 149 118
17 163 131
242 188 249
34 225 250
30 74 74
176 172 227
94 175 182
247 210 254
30 76 90
5 241 55
17 176 199
22 138 90
1 225 10
48 101 226
230 55 243
111 185 190
157 229 167
93 75 189
133 199 241
226 205 238
162 219 182
210 165 237
202 232 213
47 13 250
31 235 165
90 32 147
168 14 223
139 120 229
121 44 130
231 189 245
70 111 180
141 49 230
96 75 228
124 64 146
65 211 143
35 73 155
104 27 122
69 136 127
229 31 239
46 202 205
182 207 225
213 226 230
49 196 162
199 246 202
171 127 198
163 96 222
129 8 213
127 49 146
191 238 225
117 102 148
190 243 203
183 253 223
122 244 240
29 134 240
219 32 233
111 105 176
222 153 233
253 153 254
131 33 149
139 246 246
42 74 134
210 99 253
213 157 230
33 228 62
37 47 113
75 178 147
243 30 247
134 138 145
6 9 35
167 52 180
81 88 201
229 187 245
8 154 98
69 224 194
137 63 171
19 12 39
199 24 251
23 116 92
165 99 171
57 163 90
151 130 237
215 130 244
146 14 216
87 192 118
168 133 187
68 226 212
193 176 241
233 115 233
110 169 254
238 241 245
153 240 156
236 176 252
15 114 153
11 43 237
219 238 230
101 84 245
40 91 50
184 251 197
111 36 203
186 37 248
226 16 246
72 21 246
219 108 230
22 131 214
137 7 186
230 249 231
218 158 239
228 192 245
138 200 201
50 119 202
72 43 98
240 202 247
69 250 145
38 116 58
219 69 247
235 64 245
108 146 153
220 188 245
233 14 254
29 127 91
92 57 109
168 132 199
159 31 189
222 204 247
51 72 63
213 250 240
1 39 153
181 46 233
32 103 108
210 195 246
6 186 35
177 254 188
148 52 221
225 189 232
41 48 239
184 240 253
220 240 234
24 216 162
205 164 237
180 120 223
205 189 246
225 104 243
197 6 232
3 79 93
17 56 107
207 177 233
93 20 153
51 26 96
171 37 172
199 55 222
46 108 119
130 202 169
87 234 170
101 86 131
52 149 180
29 224 126
73 118 74
197 226 242
89 207 187
118 16 149
235 127 236
105 82 171
237 1 239
230 103 235
87 135 218
119 232 250
68 61 237
211 181 235
199 196 222
244 214 253
242 102 243
127 247 190
26 37 34
85 104 140
227 99 250
216 188 227
109 164 158
10 96 75
193 56 198
105 78 183
246 80 248
43 159 63
204 207 245
168 126 177
64 234 67
46 15 183
216 133 247
230 233 254
165 178 203
174 30 208
93 61 190
15 116 214
144 75 248
22 158 143
67 86 230
93 20 222
10 34 32
82 125 119
160 248 212
118 110 118
61 111 61
108 239 219
195 52 209
202 113 241
155 54 165
15 195 146
212 118 244
224 131 249
244 48 252
205 67 252
154 188 196
85 71 187
131 46 160
113 110 120
111 2 132
27 169 224
23 234 108
208 5 221
251 104 252
6 73 187
80 186 117
181 9 254
234 138 240
242 198 245
61 5 245
54 73 226
15 106 220
162 30 247
58 29 106
4 127 123
29 146 90
175 151 179
84 102 162
49 208 81
159 171 162
163 122 227
39 53 252
203 240 220
41 66 164
145 8 197
107 84 109
229 208 229
101 237 122
71 213 239
53 222 241
84 65 231
36 145 108
115 64 243
12 43 243
231 52 234
242 1 250
203 202 229
235 83 238
63 47 72
84 152 153
157 90 177
70 101 174
244 143 244
64 48 111
199 17 253
25 159 155
100 34 197
248 254 248
160 161 171
77 172 238
191 196 205
206 182 243
157 19 232
57 102 181
158 138 183
221 141 249
101 135 194
184 20 221
218 32 226
129 102 139
23 54 168
140 144 213
205 219 211
99 215 219
84 35 193
115 105 204
206 58 219
249 90 253
20 163 121
206 69 211
251 61 253
67 20 215
142 98 185
45 181 155
69 102 226
169 226 229
106 213 218
133 219 212
154 193 229
227 249 241
105 222 206
143 199 187
87 195 140
132 130 146
216 164 223
247 30 249
213 83 235
93 229 94
230 50 236
239 246 244
3 242 90
59 4 174
35 7 55
189 117 232
41 48 171
14 246 85
100 22 183
196 243 252
171 103 226
52 194 173
59 111 233
237 102 237
229 14 240
212 109 249
85 6 143
149 191 182
218 95 245
15 7 167
169 195 178
2 7 118
13 223 139
238 9 247
60 135 136
170 199 203
6 108 20
215 130 250
249 250 254
50 176 158
17 60 49
115 161 246
164 29 231
78 17 83
121 177 215
196 238 236
83 82 174
155 197 245
238 83 248
105 216 193
83 202 245
167 158 252
111 174 130
174 215 238
48 48 126
237 148 242
60 160 143
139 226 184
126 73 178
78 222 195
62 183 131
22 104 134
55 154 132
180 93 221
108 40 124
150 119 159
72 190 85
89 66 149
158 7 235
200 115 214
48 81 75
89 131 190
49 83 189
84 223 145
52 67 226
47 249 151
39 109 106
57 153 165
25 140 115
170 196 246
246 128 250
39 45 71
217 215 252
232 195 249
210 168 230
96 122 197
97 84 113
23 177 27
131 29 168
77 117 93
167 28 205
78 234 176
177 87 204
74 26 227
66 126 220
119 39 207
180 105 243
190 91 254
202 143 242
121 90 221
185 129 194
64 96 221
45 69 155
142 248 157
101 217 183
158 138 251
50 139 236
35 210 66
182 222 196
155 186 157
104 139 245
15 188 115
96 36 176
93 106 182
186 186 249
123 71 135
81 154 217
36 211 63
200 170 224
88 173 250
143 212 237
112 240 130
117 90 238
176 74 244
72 197 150
36 120 51
135 249 202
193 179 213
40 157 243
178 146 206
10 237 109
20 178 234
188 117 195
17 146 47
48 223 73
148 135 179
30 49 254
87 76 175
71 191 200
217 70 242
155 108 186
212 81 243
194 147 201
153 4 251
144 196 218
139 211 213
187 219 251
122 146 146
51 112 200
188 87 216
231 118 244
76 124 184
117 62 164
172 231 187
142 195 212
191 237 218
218 61 222
4 41 184
73 9 118
182 86 217
81 234 158
38 192 55
83 180 143
91 128 226
207 31 229
239 164 252
252 145 252
216 163 227
26 229 124
236 158 245
32 151 67
44 133 243
21 23 69
186 165 218
49 79 188
188 236 247
53 32 244
155 113 226
174 134 251
44 155 89
133 184 198
220 187 230
201 84 254
54 25 169
150 252 236
36 180 242
164 254 178
231 72 248
14 154 183
44 22 230
84 6 191
36 111 98
