1400
152 162 171
85 54 127
163 254 189
117 170 117
104 52 111
112 197 141
49 175 216
207 68 252
172 137 216
190 226 221
172 37 197
71 99 109
149 172 214
71 174 87
205 59 254
223 29 234
15 210 185
24 242 216
244 158 249
222 176 238
179 233 212
8 215 131
84 210 144
134 90 211
211 248 226
124 115 232
159 81 193
84 88 193
97 165 153
114 127 116
180 54 196
102 182 167
26 16 239
129 56 246
104 242 228
211 17 235
221 79 253
29 127 202
252 126 252
147 202 254
98 146 170
182 67 222
134 101 186
208 217 217
64 119 239
16 128 129
137 110 197
70 200 154
152 94 184
91 166 114
69 249 249
93 245 234
66 96 137
129 188 187
229 224 251
208 188 210
183 200 229
41 36 47
30 5 140
155 137 188
189 146 195
189 84 244
69 86 163
168 128 187
9 214 93
69 83 212
147 112 152
99 207 198
184 181 204
26 94 100
158 163 180
126 59 183
10 150 132
84 127 172
145 132 247
235 250 242
22 103 155
29 135 34
100 201 251
145 149 210
236 144 247
157 24 177
123 187 185
162 175 208
240 81 247
188 80 193
232 212 252
20 133 88
190 97 233
106 189 243
216 206 240
44 28 113
135 70 209
182 251 212
77 244 104
171 180 173
40 114 141
99 249 107
161 197 222
115 180 165
214 137 236
26 5 51
35 177 67
42 136 131
207 208 213
42 152 221
32 67 35
229 145 230
193 63 239
215 71 235
168 48 206
61 211 174
97 36 172
11 139 23
137 217 191
193 98 248
239 229 249
146 201 227
159 162 163
98 33 233
41 190 86
189 139 250
27 148 183
151 17 218
59 8 145
111 19 239
200 221 241
239 154 242
96 224 182
106 69 191
242 138 251
217 252 231
191 249 222
30 55 112
6 4 91
55 146 137
10 9 176
157 44 228
113 169 134
154 206 253
148 205 161
239 117 242
9 78 166
201 186 217
113 98 153
144 236 202
67 143 197
88 248 105
31 77 204
37 128 98
180 13 181
230 222 237
95 110 123
104 134 132
21 130 110
253 208 254
251 38 251
56 92 208
34 158 65
250 92 250
197 175 218
171 243 207
214 160 214
248 73 254
162 54 225
105 224 190
36 179 203
77 36 177
47 131 249
209 135 246
168 15 177
107 83 204
136 228 243
95 227 97
154 149 227
196 109 198
199 21 204
231 211 247
105 94 223
135 204 149
252 187 253
221 246 235
61 144 191
202 252 242
240 123 245
114 79 252
220 18 247
6 41 59
154 251 164
170 194 227
32 140 65
90 15 147
143 237 220
74 115 111
122 46 142
182 162 229
88 118 236
140 31 250
197 177 208
30 228 133
234 24 247
181 156 216
210 7 216
66 29 111
62 98 170
100 154 161
226 66 253
189 240 235
48 147 156
147 124 254
162 23 187
252 151 254
182 113 213
111 215 147
179 130 180
70 154 104
151 127 153
174 42 244
117 252 190
215 81 221
137 234 196
176 94 206
251 198 252
164 175 191
35 53 115
39 208 158
250 163 254
128 122 228
93 1 229
93 41 96
153 169 237
97 114 105
5 34 236
1 10 169
227 118 237
143 156 243
252 43 252
133 187 145
203 86 236
82 57 181
160 185 164
220 204 242
123 199 134
234 131 249
33 179 47
212 244 230
254 241 254
145 195 147
51 151 207
184 8 192
199 76 199
46 233 193
228 90 242
114 105 207
85 55 137
122 37 184
10 166 182
237 197 243
92 184 253
80 171 138
216 31 226
245 104 247
188 26 216
214 70 230
114 131 246
50 16 134
186 137 248
78 160 96
184 44 244
147 152 170
163 156 252
34 29 229
56 240 117
209 83 227
110 209 146
13 26 14
181 209 247
80 74 208
102 190 195
241 109 250
200 108 234
244 128 245
162 77 230
70 250 105
118 184 234
101 72 191
46 137 122
127 57 132
242 234 252
25 182 212
133 111 161
163 119 173
158 35 173
193 107 193
166 62 217
70 201 166
79 168 143
146 152 223
27 173 187
253 106 253
9 87 166
167 170 237
42 169 191
215 94 223
61 34 121
78 65 172
213 212 229
165 83 248
150 34 180
103 247 118
158 140 215
182 110 253
140 46 229
139 208 177
194 147 231
223 243 223
165 128 176
65 134 199
245 53 252
98 159 149
188 55 201
221 170 249
77 13 176
133 135 192
31 103 171
106 228 243
69 34 222
130 76 160
223 133 230
47 58 232
174 159 251
169 154 186
46 169 133
32 146 189
124 212 170
39 164 124
29 195 247
239 118 244
249 191 254
128 142 205
144 1 187
238 72 244
195 200 232
50 140 129
212 148 220
115 225 117
195 1 251
80 173 164
140 49 217
17 217 175
130 122 207
219 248 234
105 63 197
73 82 201
107 35 248
128 235 168
127 78 214
231 184 251
227 149 251
98 254 131
145 148 169
222 47 237
16 96 55
224 61 253
21 42 223
165 22 169
35 68 196
200 128 250
109 211 172
38 117 58
12 198 198
242 141 246
24 216 68
2 173 41
93 169 185
191 112 216
36 220 225
99 68 162
48 184 192
101 103 251
228 83 235
27 27 191
19 95 95
168 198 218
31 74 122
34 8 219
133 134 234
174 35 208
130 64 218
121 230 149
62 50 160
200 9 206
244 214 249
63 90 136
181 57 209
189 197 242
75 227 245
41 40 248
19 227 217
130 107 246
238 218 250
25 112 193
32 100 58
213 128 239
69 22 142
1 195 140
80 43 135
195 174 214
32 208 89
222 43 230
122 40 200
131 198 168
23 118 242
244 81 246
73 179 171
143 121 215
51 29 211
254 201 254
35 93 185
177 8 209
154 180 252
161 162 173
114 87 124
152 106 218
202 221 248
185 70 233
8 189 71
227 16 247
11 232 200
225 222 244
163 98 250
27 200 178
132 223 155
199 56 220
53 91 69
143 250 151
220 45 239
150 75 212
245 17 249
174 192 218
152 190 247
51 119 162
248 9 251
138 219 166
46 54 158
123 168 156
54 13 111
94 96 115
31 12 34
64 70 187
184 9 253
172 231 221
219 32 246
48 65 123
7 48 188
200 21 201
243 185 252
124 37 136
83 199 199
122 95 174
53 89 132
79 122 121
152 62 247
101 219 223
62 126 156
239 76 247
50 184 208
11 253 114
73 159 208
180 47 226
6 231 28
238 11 248
133 124 242
113 176 132
237 85 245
236 34 238
222 49 240
210 116 235
78 202 156
236 187 253
132 238 149
5 201 228
160 61 177
81 119 215
11 10 205
59 61 215
236 171 249
77 222 210
128 4 231
125 213 197
202 121 251
52 96 199
84 86 149
58 103 117
27 184 137
62 214 145
83 207 91
32 206 228
229 207 247
182 237 234
158 240 250
146 126 198
167 8 167
7 210 220
11 108 221
118 9 145
128 84 152
155 115 252
136 13 195
100 50 149
110 22 182
24 176 136
47 41 114
62 80 91
30 239 128
213 202 227
134 249 213
32 65 167
122 132 211
40 134 109
158 225 200
124 216 214
142 58 207
71 38 178
153 17 252
177 46 202
188 221 223
135 213 139
31 124 137
162 145 248
8 64 228
148 150 248
152 178 178
183 120 245
100 138 154
120 83 202
109 116 175
225 81 253
196 147 243
23 29 240
46 126 223
229 131 239
222 218 227
198 74 246
14 160 60
160 124 211
90 100 238
250 102 250
100 130 219
132 26 231
113 58 148
97 177 248
176 254 236
1 88 169
159 189 165
121 45 196
218 183 250
13 140 190
117 128 139
40 214 203
42 173 236
146 6 216
52 231 71
36 48 65
152 124 227
231 124 239
46 86 114
207 158 247
30 5 127
34 14 93
174 233 187
99 202 146
126 60 253
84 55 109
73 207 212
231 123 231
62 203 173
167 146 234
106 31 191
9 51 136
91 65 114
88 187 170
247 25 250
11 239 116
54 143 97
90 41 152
235 253 237
19 89 197
158 139 213
237 96 239
169 58 195
22 194 66
33 30 186
209 75 235
242 247 247
114 86 186
171 230 203
58 21 135
100 23 151
159 188 214
179 21 179
104 99 136
33 117 182
13 148 99
205 7 252
239 63 243
199 118 226
115 36 128
4 159 223
154 135 173
69 239 226
204 131 204
199 211 216
205 70 219
159 44 248
60 186 166
220 79 253
155 199 251
72 61 81
227 241 248
10 205 208
58 180 139
33 111 231
76 105 203
217 7 250
8 37 43
180 226 214
18 17 189
131 155 247
7 243 126
201 69 205
135 151 177
240 36 254
173 35 250
229 155 253
42 252 198
26 166 242
75 184 216
212 22 229
100 9 156
194 160 221
129 241 205
209 241 222
159 18 215
176 230 214
104 1 164
93 79 207
20 107 211
124 126 233
167 86 184
113 7 226
71 177 170
238 206 248
37 182 199
14 72 211
202 133 218
87 48 126
166 3 240
204 98 207
33 200 246
124 74 148
236 243 236
136 25 145
43 3 247
189 54 201
184 192 189
172 10 250
90 232 232
7 233 45
51 232 52
89 184 114
194 212 221
19 213 155
55 23 175
214 130 230
97 254 243
201 46 219
230 88 253
145 38 177
187 75 228
12 234 217
38 156 186
11 40 195
28 175 246
199 222 251
36 190 247
11 187 126
158 182 200
183 229 254
232 245 242
125 125 238
63 91 237
152 167 219
218 24 220
54 153 189
53 180 219
42 223 157
20 94 232
13 181 32
190 169 250
225 174 249
198 60 216
158 57 191
157 30 165
170 208 246
84 218 123
11 73 94
120 209 181
101 97 107
94 225 156
7 22 164
102 138 166
176 229 219
129 20 214
162 188 237
204 112 207
179 93 251
244 79 249
23 130 23
215 133 218
79 253 167
203 192 212
233 126 234
151 254 216
131 114 134
254 136 254
203 148 219
92 85 169
107 55 158
16 195 20
138 221 248
10 245 66
161 207 202
107 66 114
93 54 164
11 95 206
111 172 248
63 210 237
8 57 49
209 129 213
133 69 217
32 94 32
230 82 252
73 62 141
184 79 219
242 209 244
174 42 179
78 224 231
127 171 234
164 16 177
159 32 174
145 100 153
147 214 230
27 197 247
36 248 202
223 94 240
145 113 181
213 154 233
175 158 219
92 107 101
228 218 253
201 93 247
139 9 254
110 236 230
227 56 248
199 189 247
177 24 230
43 253 119
105 11 155
39 54 249
77 133 86
232 100 243
207 162 223
203 178 246
207 208 228
165 99 220
150 135 217
124 158 211
136 24 228
23 83 91
152 58 201
129 204 163
114 222 212
235 167 249
33 83 181
103 16 181
33 200 113
86 133 176
188 114 252
32 195 160
172 20 211
246 106 250
31 240 113
35 68 251
95 7 169
168 25 193
234 215 243
213 142 232
37 11 219
33 71 93
202 20 244
252 230 254
71 177 250
188 60 204
147 78 158
71 234 75
188 84 219
196 226 227
230 120 240
223 223 235
118 119 164
37 130 41
26 122 124
32 131 82
205 209 208
23 149 225
187 227 250
8 87 165
190 21 213
184 233 185
168 77 238
230 169 235
245 27 245
252 174 253
198 43 215
199 56 207
66 230 182
1 104 151
167 166 176
207 193 237
159 6 185
29 112 179
237 120 247
129 109 221
73 134 198
209 51 234
200 31 250
190 67 238
25 103 238
245 140 246
109 152 169
177 174 236
166 130 166
9 149 76
194 232 217
100 83 195
78 212 245
66 81 93
89 125 233
31 247 182
197 69 223
85 103 229
159 222 198
126 22 188
40 156 222
65 121 107
183 192 239
41 159 92
83 12 145
65 49 177
170 168 240
58 141 135
121 200 166
83 150 158
87 116 240
54 250 57
143 17 168
59 218 205
15 250 174
171 19 183
178 89 183
146 21 227
26 226 66
67 192 74
43 186 124
205 21 232
254 12 254
116 129 176
3 139 198
166 239 189
7 152 50
149 247 183
225 16 228
1 71 223
148 16 213
126 251 126
68 82 237
159 246 190
241 111 246
131 135 133
154 29 198
193 51 229
54 223 174
221 76 248
113 218 148
7 187 173
172 195 226
104 105 199
57 169 132
140 46 177
170 201 201
199 224 234
190 65 231
249 27 252
250 216 253
181 126 191
3 236 65
18 244 38
223 111 229
191 126 231
88 94 94
135 103 178
9 66 108
27 6 32
172 111 223
20 54 150
38 203 89
201 115 242
186 182 202
250 57 252
155 128 245
216 170 239
11 4 127
96 152 228
41 99 235
207 129 217
173 139 229
119 205 201
194 183 197
49 56 76
83 241 166
232 139 250
142 127 228
30 97 203
224 4 244
150 38 228
79 136 97
240 237 250
16 42 95
242 146 250
30 166 156
3 228 240
44 129 93
49 154 88
195 4 228
44 114 127
163 168 174
112 72 150
146 11 192
140 191 249
91 16 241
68 58 210
6 193 88
245 102 248
121 250 199
128 238 213
24 70 187
109 217 247
184 238 228
251 164 251
148 29 195
104 146 159
207 207 235
244 191 250
80 25 181
246 101 252
32 71 131
215 163 225
123 132 188
164 197 251
33 199 183
29 176 100
25 77 98
53 118 188
189 237 192
242 80 245
197 242 234
6 63 240
46 72 120
135 249 183
200 200 201
52 74 154
99 105 248
106 218 161
168 140 244
108 193 176
170 122 212
17 48 188
50 170 55
90 42 246
137 230 210
227 247 242
68 79 217
182 75 183
138 118 228
226 251 228
48 145 226
234 235 249
234 123 245
53 236 90
13 228 75
70 96 74
233 109 244
191 124 222
217 12 224
165 23 183
183 107 243
43 59 141
195 173 242
176 15 244
153 34 213
74 54 107
90 18 158
126 166 240
118 153 188
110 232 248
35 189 103
149 108 185
68 79 80
133 185 174
87 185 91
129 109 135
128 27 199
145 109 233
26 45 96
134 213 186
69 88 82
103 217 198
19 249 117
218 28 232
26 221 108
48 63 74
180 82 236
18 192 53
11 4 41
148 133 251
21 138 144
225 215 231
43 128 123
56 241 241
156 89 166
2 48 130
29 79 208
49 69 136
129 237 242
105 141 180
158 62 184
81 24 245
64 193 244
151 188 226
216 129 229
220 83 227
12 165 173
26 201 67
95 246 146
104 148 173
136 33 169
13 88 173
170 60 213
195 89 254
136 98 191
231 68 244
233 108 253
80 189 247
81 245 135
20 145 110
2 185 156
222 203 232
33 126 64
192 241 235
144 131 176
132 245 201
89 161 191
141 148 153
214 56 234
68 223 95
36 119 249
68 226 164
83 183 186
36 252 129
236 130 252
92 178 233
222 106 234
155 46 217
127 162 240
154 138 173
86 180 248
218 224 239
43 29 81
72 153 152
77 36 156
189 231 229
201 227 227
130 215 157
7 238 18
38 125 127
228 129 246
24 41 186
63 13 109
103 176 196
254 164 254
101 198 136
204 138 239
134 176 247
36 192 204
185 223 189
208 132 232
11 36 188
204 205 231
154 174 210
109 57 132
243 35 244
67 119 244
149 246 225
186 165 233
207 223 250
131 243 178
201 37 208
250 80 253
91 173 171
196 153 233
252 12 252
167 99 233
167 82 240
181 164 192
94 120 228
126 248 141
74 113 115
160 51 232
180 124 223
25 187 50
126 1 154
89 195 245
52 218 110
41 125 103
182 114 207
84 110 92
171 81 221
244 42 251
154 148 254
171 19 225
77 37 127
48 177 73
228 235 252
132 165 207
190 212 215
177 30 226
16 106 58
151 226 192
179 51 232
72 147 192
107 66 107
61 153 153
183 200 209
28 144 180
85 211 248
207 204 216
124 234 138
199 227 201
93 119 208
208 204 242
75 52 163
201 210 224
253 238 253
128 165 159
222 226 236
84 5 190
150 113 215
104 242 138
84 216 125
29 102 80
143 34 173
157 120 208
120 160 224
70 226 139
23 178 70
24 142 181
29 71 124
245 248 251
119 53 142
224 188 251
173 120 220
166 12 222
142 198 198
166 165 211
204 144 248
246 138 251
42 18 193
77 143 222
33 29 110
194 204 207
10 89 206
248 152 250
3 153 254
118 164 200
72 25 170
109 32 126
93 179 207
105 146 172
177 211 181
8 28 147
110 11 177
8 187 227
12 34 222
42 53 182
137 160 188
199 80 232
182 172 213
139 70 148
183 234 253
159 180 195
174 16 245
44 220 174
82 227 173
228 16 233
84 85 215
61 208 221
92 205 124
106 124 127
10 19 57
1 37 78
218 40 236
184 160 251
251 195 253
185 111 235
197 158 242
46 199 142
69 127 170
195 12 201
238 79 253
234 99 236
152 155 251
253 60 254
122 37 135
89 244 127
186 80 206
116 134 147
50 207 115
46 70 122
249 250 249
154 95 221
99 11 214
175 11 221
223 46 236
235 160 249
130 137 228
54 190 244
85 229 114
99 176 221
72 141 73
144 212 169
100 72 170
106 208 238
127 68 159
88 12 121
239 77 250
221 165 229
81 224 239
225 35 229
104 146 249
199 83 253
29 220 253
195 123 237
233 190 247
69 55 72
190 13 195
162 40 180
207 210 250
87 177 231
106 6 144
92 215 218
30 173 80
36 251 133
187 145 240
15 2 142
192 55 252
66 116 218
111 164 232
55 1 157
46 98 246
160 106 202
61 142 84
106 75 204
51 138 139
177 222 203
45 219 177
183 139 186
162 117 166
92 36 128
30 162 250
113 217 184
167 32 223
112 221 211
179 171 196
65 163 147
67 20 190
245 107 252
81 79 151
91 176 116
8 55 70
73 7 196
116 54 206
158 230 203
100 181 101
47 197 173
33 23 98
142 233 145
143 43 148
240 197 249
138 150 161
241 131 251
131 145 178
168 167 245
174 48 223
229 219 248
243 33 252
165 161 241
70 125 124
89 96 205
225 161 235
81 83 128
120 204 218
157 99 169
136 104 175
83 162 166
207 55 241
33 110 50
82 93 215
92 202 200
7 32 39
220 49 237
164 118 228
110 219 179
218 131 246
166 20 230
29 236 120
236 230 246
194 219 207
228 85 241
20 125 125
104 14 184
143 240 232
206 189 209
7 44 47
86 149 91
222 119 236
210 213 215
175 175 209
190 114 220
125 219 125
35 144 132
120 37 245
254 40 254
109 246 234
24 121 166
19 12 21
176 158 193
206 29 234
131 55 159
198 65 219
226 198 231
129 94 224
116 152 246
113 231 254
144 143 214
113 61 205
148 204 208
153 22 204
182 28 230
144 200 252
180 36 204
152 6 222
184 205 234
129 101 208
169 238 178
109 203 125
171 242 209
207 29 216
237 197 241
244 73 251
26 177 80
200 216 249
98 239 140
65 47 158
211 29 234
210 89 213
112 29 114
213 25 240
117 212 209
89 38 201
241 35 249
95 80 237
32 99 38
42 141 90
77 23 120
195 88 231
40 136 116
79 207 157
231 71 240
54 218 238
