1094
111 7415
7139 1314
1888 1685
8283 364
8304 9961
4687 7723
2747 7282
774 1922
6167 317
2216 4212
1018 5625
5032 3513
9036 6571
853 4434
8910 6116
1362 2345
7515 4880
7781 5613
8174 16
5373 3597
2836 1066
1880 3570
2707 1550
5555 9810
8860 5245
3875 2466
1021 2662
1972 6524
7321 7153
6336 1410
7036 6767
5426 3697
794 3425
5852 3465
6903 4472
8181 1228
8892 9421
151 3221
7369 9987
8552 5804
1126 857
2935 5687
1407 8868
5978 5682
1295 3821
8566 7586
315 3255
4878 9126
7906 9507
4015 8911
4148 6103
3452 2914
3553 3676
7909 4108
8787 4615
6349 1734
127 1723
44 1192
1176 7133
2738 4882
7460 6328
318 2825
1187 5826
9934 8319
6285 6879
5367 7015
1836 7940
3048 4023
9978 6382
7834 2990
5947 1140
1722 6840
7406 6314
1818 7328
1792 7864
3060 5429
7330 8955
337 2480
7949 6714
2090 69
2211 4891
45 6632
2663 9463
6721 4562
6335 1851
3037 2116
4761 5553
1494 2235
3980 398
3608 7925
3344 2381
104 499
1265 4348
4407 8463
1360 9062
1801 7807
8042 1265
1382 7643
2413 2136
1041 6412
2409 8299
6440 4757
835 9221
3147 6439
2480 2575
5040 6143
1151 6756
2149 6210
167 5221
4280 941
1876 765
804 678
1148 8247
6989 5415
7639 8335
462 8860
222 8470
8625 7978
1171 8266
6511 8147
3314 7045
6168 7863
9158 7973
9829 7789
8254 5420
3212 5570
5809 1705
7027 1393
4977 9223
441 4645
748 724
2866 1371
648 3476
2753 9867
8000 8023
9307 7927
202 841
9625 2757
6540 536
4430 634
286 555
3194 104
3008 7137
7982 5609
751 408
2353 2748
9381 7343
7411 5280
7871 7262
2416 3999
4947 3044
8839 989
7409 6593
2939 7056
6633 2629
6825 7554
4333 137
4955 7780
6409 2605
3533 3622
8544 2545
1006 933
2568 984
3914 6564
3850 9370
2709 3278
2563 1561
298 2714
2510 9766
8981 2480
6933 6117
3006 7692
6245 974
7959 97
4178 101
1431 3135
6203 3052
7256 4199
1808 9192
78 8606
1089 3873
234 3329
8328 1022
3997 361
9161 3120
8289 6239
7401 382
6852 8673
3485 8242
5942 9573
8645 5297
7318 6493
4889 3872
2391 5803
9986 2117
3193 4967
940 1516
5861 6336
4954 3627
5369 1360
6027 552
2901 403
2156 8489
4597 7224
5758 4413
5840 8056
1833 8617
880 7911
9073 2549
1971 2793
2456 5736
5665 8311
2532 7569
8127 5506
1010 2488
9428 7783
7851 6020
1898 4228
2246 2719
7591 4714
8847 7559
1628 7347
7158 1397
7998 7318
1003 2227
291 7704
1497 1402
559 1477
8304 138
5376 9536
295 5469
4614 807
9921 9086
7560 9067
8416 1798
2307 5454
4616 4120
3252 5806
3269 6958
4135 8209
1775 3346
385 6865
781 5217
7755 4714
1240 5693
1920 913
8002 1347
3417 88
3606 6605
3670 8991
2801 9208
7569 93
2705 7832
9390 2816
205 3370
9877 2561
7494 7482
4019 395
6445 2503
5021 7373
405 772
3574 8686
1785 6416
4516 8849
817 9336
9982 1865
2769 6571
7320 2223
531 8031
7459 1553
4935 6850
8158 8685
3111 3507
4465 3903
1552 2258
5244 8983
2638 278
2124 1855
3462 7886
638 6027
1242 2569
3286 6577
7081 265
6162 75
2661 6885
6378 5147
6889 5599
9803 2302
4123 1430
9269 2324
3326 2700
6434 9248
8091 3642
856 1515
4545 2179
7936 9661
650 4423
3575 3038
4192 1417
5509 6522
7600 2162
9341 1588
9661 2567
756 2076
1032 3017
3638 7779
1455 6796
1717 6975
2996 1434
7331 1482
704 473
2146 7968
8120 6922
5113 4953
9486 3763
4666 1843
8234 4463
9970 8820
8235 8852
9313 5774
8728 3941
5355 20
4252 8426
6574 8380
1362 4285
2309 9366
1773 4854
1355 3803
3276 3850
900 1513
5275 4094
825 959
5229 4450
8930 1348
5593 300
8890 8573
4339 7171
2637 3214
8028 6222
1605 9856
508 8427
8053 6564
5583 2164
7077 4663
6286 127
7136 2935
8032 116
7994 3429
2561 1157
2853 4699
6113 1977
790 3056
3839 4041
7972 9162
4952 9728
5297 6899
8299 156
8333 9967
8591 154
7638 5452
3399 7969
9828 8763
6693 1516
3604 8990
4748 910
2643 2659
1098 2626
5902 3680
8214 5953
2584 4079
5191 3240
5724 7948
8678 4136
5651 3020
4180 1327
9255 5713
8638 7960
8185 1260
4352 1662
4673 9250
2392 1175
9636 33
6013 2975
234 7844
7296 9906
9200 9046
305 7502
8844 3316
6133 2327
1248 4662
8198 7405
3264 2399
2108 748
2919 3714
1035 8675
567 3224
6636 3943
2207 8191
4321 200
3218 2053
1459 195
3750 5094
6014 2474
5738 7954
8464 5058
5100 7619
7886 3787
585 9869
4455 5349
6246 5974
9229 4353
4079 7336
3633 5109
238 1221
2574 3461
5566 219
8857 2254
1968 2584
3271 4564
2606 9759
8480 2719
1454 5643
179 5089
8330 4356
6873 8075
3581 608
7278 9713
4816 2652
3918 7867
6807 2539
8092 5598
1413 9197
6489 1578
7255 131
4419 9396
5231 195
3372 4071
528 6280
1709 7911
2122 9499
3866 3607
150 2279
1527 4987
276 2105
3035 5472
9266 5511
4052 1435
17 9412
9132 9263
5587 1841
8731 1811
55 1973
2572 5171
4040 9791
6036 5301
9314 6347
6017 6687
1607 5604
2479 2392
305 4346
9841 9548
937 2836
8861 5012
216 9767
7641 6469
3371 1143
5173 5863
5868 1373
8825 441
9679 5770
5345 3987
8538 588
8918 7661
649 4527
4798 5054
5409 4357
966 7319
2179 1000
2320 1281
8739 5503
7880 9956
8521 9727
2411 2058
6583 7620
3722 1603
9405 9297
2587 986
9082 5317
7009 6935
404 5710
2845 8087
138 7298
7429 3305
1015 6443
3924 2714
7433 2035
4561 6548
451 7537
7733 114
1232 9042
6631 1511
3914 9244
6570 5920
5354 8270
2507 3287
6576 5148
7907 8585
5236 5738
9715 394
8046 7703
97 8232
500 2188
5709 1437
82 5540
6425 6201
8431 9679
7465 3087
9869 5506
8567 1470
6881 1825
938 5556
9764 1551
8200 7326
8265 4117
7162 1538
4304 6033
9727 433
7258 3425
1587 2647
1534 1265
9633 1237
220 9905
9447 2082
8208 9003
4009 1229
8 5763
1145 8181
3145 5728
1637 7068
7440 4282
6881 5290
5093 9252
7559 3902
4916 5083
9612 1035
3199 4960
6501 7056
990 3043
9113 7079
8601 8912
3561 771
39 7279
2509 8436
3095 5670
7521 1485
7792 8257
4832 264
4452 661
6336 2440
3034 6674
3902 4751
2204 3432
4795 7473
1950 4283
3544 2264
6689 5433
3741 6586
3558 8202
7728 888
4726 1466
7620 4536
7778 9940
4752 6213
5159 127
194 6293
3524 5117
195 3084
9951 4513
7517 2752
4964 6225
5899 1884
2383 5325
3535 2680
7805 2239
2809 6777
7422 8691
7863 1093
2670 5097
920 186
8724 5768
198 7695
8954 9205
7539 8155
8270 4292
3522 7909
2552 6110
7114 5787
7101 8069
4390 3975
5139 8804
4305 9103
6535 3946
3873 2476
1163 5208
3696 9293
932 3960
7107 9789
8707 5137
9988 2146
6034 2649
2435 8872
1281 1354
1437 9421
2689 2472
3611 2910
274 3649
2079 6466
8920 7622
8202 4757
6003 8090
3985 1784
767 408
8609 471
5592 6522
7680 75
8082 4951
2503 3553
5609 8476
6429 1066
8037 2831
6501 2836
8576 5472
3771 5834
170 8368
7562 7688
3356 7270
3234 5970
1484 768
6552 9620
9233 1607
4063 8092
760 3127
6134 6312
646 4173
2961 6298
3535 4465
6988 9091
9462 2070
5869 4239
4613 5856
5594 3005
1743 2613
6203 5762
7845 23
8017 2494
7142 3281
5895 4111
9146 128
3736 3493
5553 2548
9682 1830
7 3719
1465 690
3004 1422
2638 1545
849 3549
1169 8892
4804 4159
3733 2370
576 1414
5939 7404
4719 1840
7714 9947
7058 7163
7110 5120
5682 2346
8550 1668
855 3497
6019 1401
9929 6141
1653 449
678 3168
9015 9981
5763 9355
1671 5369
6374 6436
8487 806
6947 7755
7367 4712
2582 3696
9447 5969
3201 4183
375 957
7142 9422
2594 1440
5014 9022
6570 2013
2939 7456
1861 121
8500 290
4713 9935
1743 378
7988 1140
3932 7835
6015 3118
9774 8518
1939 1729
8165 8850
8205 9370
4203 3679
3902 4703
924 1959
3286 1830
6905 2950
8290 678
9246 3691
5331 1308
851 2320
3698 6062
6432 4599
8129 2709
1428 373
7171 70
2984 1780
6702 7713
1647 6707
1280 9839
977 4256
2080 2165
8888 1673
4887 5630
9354 3695
2078 4792
441 6829
4569 2445
4792 6904
1493 1093
1839 2870
1886 650
7952 8580
2772 4092
9514 9971
8527 1942
8077 8162
2704 4273
3936 2210
6858 9239
2528 1846
8513 4059
458 9497
6482 3607
1707 9317
8899 9782
4038 6801
8060 4035
5718 1194
4935 4977
4884 8726
8067 2557
7482 5029
2063 3313
3065 8633
4645 9451
5896 1559
7045 8381
4046 2477
9476 2085
531 5511
1988 2048
2562 9517
9062 8315
4049 48
9485 4138
3572 3717
325 5212
2335 848
3764 1743
1562 1573
80 3424
7866 6426
625 4326
6925 641
519 6864
4198 9333
2943 2299
683 2163
5187 9720
3067 6364
496 9246
131 5015
4348 9884
3667 1788
5799 7618
3453 9918
1921 7536
269 1913
8285 6830
2479 956
9044 8910
3533 6504
7261 2239
408 4139
6427 2004
6314 2614
6423 6964
5082 2645
1648 227
2095 1424
1169 4593
5960 3581
8626 7378
59 889
1297 894
6668 7575
5874 5641
4480 152
980 4709
2483 5868
9703 5366
8615 7607
5195 630
3215 8727
7898 187
587 2437
8953 9158
6116 3498
5578 2221
6538 3636
9782 4348
347 9514
1529 919
5335 812
687 7075
1922 6030
8862 918
986 7559
3587 875
826 5332
1233 1850
5534 7682
8775 5096
4152 8861
5090 6091
1363 7842
7171 625
6949 5740
6226 3362
9514 6429
6275 5074
6942 9866
4680 60
6795 8861
8919 3931
7413 6629
5645 6522
2914 7424
8035 7327
1806 5420
6401 9459
4077 3067
7440 1526
338 1781
1572 2496
8320 4050
6490 43
2799 872
4861 2335
6226 7009
1823 3326
3974 2273
5895 258
1053 6567
5750 835
2316 7186
5679 6477
6578 6278
2342 609
1418 4190
4407 2603
9874 3668
9547 613
7949 8031
1270 9274
2886 445
3476 3724
8551 7409
5366 2794
8936 4654
8711 3436
2123 6421
6020 8817
1416 1851
5244 5340
7061 5007
7428 8874
8488 9914
8046 6551
5120 2424
1002 7154
5504 9478
8365 2622
9614 9277
7138 314
5131 8638
1487 8546
4707 9181
217 6295
7960 6035
4522 478
106 5599
1330 4021
2522 2061
9595 4923
3007 7850
2546 400
9624 9063
1523 4810
7139 5068
1220 3753
3326 110
4725 2414
2284 2548
5221 3480
3466 5254
1865 9150
3202 2823
969 1668
8224 1253
2347 8392
1811 1902
1317 5420
1446 4326
4061 3449
5376 4070
4546 7729
7865 8071
5153 1350
270 4623
4913 4154
310 571
2272 1782
6661 4558
2593 191
2497 1577
6070 9686
3236 428
9659 3374
9522 5035
2099 4531
4539 8292
983 6073
7139 6160
4507 2803
1120 4537
2867 8550
8756 459
1287 4397
603 2477
7683 1646
9063 1762
5538 2668
7722 3067
2380 6335
291 2831
3373 6881
6350 766
4088 1834
2965 2658
604 8750
6027 6903
2357 581
5883 8029
7766 4155
5580 3740
9110 4537
2296 2407
6073 8500
8909 483
2913 5589
2547 2298
628 2153
8495 1083
8815 7274
2279 6021
1803 2301
2151 8436
2511 4445
9428 8266
3878 9976
1951 2066
2211 4888
3389 1521
9074 1173
244 1597
2689 1641
7432 7123
2687 7605
2935 1556
5347 1106
8833 9344
2544 1098
5388 3030
3223 2487
2247 9097
5102 9148
3278 2199
3712 9636
6957 55
9254 5815
1144 1889
8996 9748
3979 1171
6150 555
365 6592
5260 1258
7035 7595
5044 3915
8674 9445
3015 6268
6780 324
4695 4559
4623 4372
40 4931
7202 2530
9099 9315
6994 2326
4355 3309
6340 5713
6466 3925
7451 3320
7059 4875
6412 5920
4830 2362
8144 9162
2871 9331
3355 9152
9223 1930
9787 5377
7312 8910
3442 6409
4411 2463
7447 2133
2677 475
3786 1126
1321 6234
7895 9892
1711 5547
8845 4100
742 878
1440 1917
5165 4435
187 7431
1337 4275
1306 261
5810 3390
2886 6565
9838 580
898 2630
3106 3080
5174 7961
2790 6066
5834 5483
8808 8851
1334 9330
2164 1199
7704 6773
4739 790
7845 1649
8690 8515
3219 5097
5509 2169
5094 2510
2267 2890
1706 2320
3410 475
7249 4179
7950 4836
2444 8597
5943 4044
5999 671
1793 3429
2049 1051
593 4051
3713 1237
556 3330
1071 6981
7777 2729
1978 8395
4666 378
1270 1803
3822 156
4641 5148
4427 9562
2101 4924
