523
1084
83
694
521
1050
1016
1163
91
81
75
877
534
92
377
1138
1162
616
1168
945
818
1075
689
678
55
1189
1125
138
322
52
382
338
657
627
1103
326
396
1098
430
405
856
492
169
39
251
100
663
1091
1121
1170
1153
723
175
789
209
356
678
745
153
194
202
163
518
900
1172
938
855
724
901
441
713
498
331
1074
325
521
361
1013
492
1089
866
945
721
967
774
586
808
1114
144
476
510
1127
415
191
105
616
1092
171
801
616
843
414
240
570
558
940
1062
91
614
774
287
116
3
174
73
1045
334
442
320
479
493
423
765
832
967
1199
271
884
1176
270
72
746
1015
98
267
517
807
129
292
468
443
336
953
421
77
945
127
677
1056
204
289
810
164
721
108
885
523
796
958
1106
522
235
353
1106
129
12
1058
267
622
634
423
1054
1071
522
737
218
872
1105
941
863
932
328
801
69
270
691
198
78
562
526
288
809
896
1192
630
840
353
917
494
245
285
207
1160
32
540
269
31
252
603
1191
795
1019
770
216
858
215
627
580
448
419
854
508
92
289
835
1056
46
5
1039
581
1094
441
811
391
798
2
712
880
907
371
896
362
528
178
497
801
403
472
587
93
708
764
653
639
747
610
1179
601
1041
1039
290
243
1058
48
719
619
98
876
269
572
14
920
237
739
580
954
1099
30
1061
96
702
693
713
1153
368
1150
340
932
1103
156
584
831
36
87
635
323
98
882
1179
887
977
665
479
1073
523
1129
447
508
742
1157
1063
311
596
165
167
506
727
18
671
447
153
608
602
222
1051
170
744
520
508
725
1057
1113
124
222
6
776
786
165
890
1057
315
1038
1057
805
532
85
231
495
842
258
884
315
79
637
319
962
736
788
1121
393
1013
523
508
1147
952
211
748
468
889
638
1164
191
1026
178
699
98
39
1020
464
473
416
327
236
160
698
45
1056
821
874
444
47
829
308
1037
5
101
1019
178
1096
156
874
829
317
656
1170
249
958
342
117
227
219
238
35
488
494
838
434
390
1156
1150
1171
651
345
1179
130
819
547
1136
143
272
1026
714
43
410
1062
11
1029
298
513
489
470
689
206
1144
505
46
403
5
943
288
131
516
1185
393
151
1197
552
180
894
290
586
984
354
181
1109
540
269
327
369
349
924
724
705
143
371
189
187
481
754
150
88
116
982
1169
525
1197
578
298
811
920
703
1157
405
79
945
693
1152
908
141
334
111
300
360
429
64
20
82
823
528
8
979
1023
166
170
308
172
223
495
353
330
1158
232
525
208
203
185
123
107
5
24
74
102
98
170
103
157
14
126
40
193
197
77
147
116
199
58
154
244
48
199
197
162
189
217
25
183
13
6
103
117
68
119
102
67
170
183
193
12
212
199
115
175
56
95
127
208
201
86
16
207
66
233
170
18
149
158
170
18
21
133
51
112
113
202
215
150
141
145
84
65
167
209
165
117
200
92
39
167
215
163
50
126
217
37
118
181
230
5
98
181
99
246
107
24
251
206
108
121
145
11
9
126
98
117
57
131
19
47
81
126
69
196
181
111
96
76
180
227
38
78
23
44
181
178
27
153
60
35
188
216
218
200
246
55
17
102
66
241
26
117
245
17
127
122
14
238
168
185
237
136
183
6
69
122
89
122
40
113
122
136
59
119
251
234
82
131
132
191
164
240
84
98
86
155
170
165
115
85
228
91
33
149
29
139
57
167
14
209
7
82
4
247
199
213
218
60
168
143
