21 782
82 006
491
031870
022182
782763
023006
019217
005882
026721
217322
018230
021424
782153
211794
015006
008782
210388
018213
008658
213753
005058
008090
006882
024701
011558
024287
214026
006209
000935
012531
003902
213071
015006
782794
011736
005006
026754
017933
017855
017945
030542
030482
015347
021389
021782
782280
032006
006882
029846
032182
013142
025636
217549
002823
009251
007639
003362
782624
004985
026781
026350
020170
020282
029726
029915
018006
216421
011128
014329
024082
024986
012735
018666
013485
020006
011896
212150
005872
004782
027006
218120
032128
006621
015004
020799
025006
032282
016006
006382
026395
782666
218710
007372
017906
013452
029905
028021
006575
017525
022167
005783
028793
019679
031274
032006
012482
021511
217824
007016
019801
029309
210067
027282
019006
031655
014006
218760
004836
030270
782725
004809
006631
025807
022301
003969
021006
214124
027770
013997
029511
030265
003379
016028
782432
782160
032666
032048
214404
025565
022133
006241
212147
023982
003006
001782
010688
016006
030180
024582
018389
007006
029384
031987
029006
001582
001472
026982
782983
210823
011096
008006
782520
782472
001982
782824
030057
002006
215167
025006
029006
021479
029703
018833
022910
021006
000527
026393
007882
002565
019282
012082
028006
015238
017464
006582
016922
782867
009298
005282
024019
014062
016006
017405
782651
017006
015842
005084
782500
211155
210650
005939
216017
014948
003006
014006
782171
003695
003637
015800
028134
017177
020641
004496
782537
025851
782565
027445
008194
002006
782928
782149
005312
025006
032692
217795
022567
012376
026742
030103
014082
028965
000182
014331
782053
782052
011156
012695
782929
004282
008006
031958
007054
004208
024182
008503
212174
216107
022599
782261
024006
005732
004667
018367
021054
019212
030129
211977
015012
014889
032006
212489
025836
024387
015503
010482
027027
000952
005646
015597
025082
215945
028224
022195
782632
022602
003282
014437
782035
219654
023399
210132
215293
002649
782204
025705
004750
020228
219668
023774
782651
027037
015189
019074
215850
219260
022233
003161
782546
021263
021006
782594
782945
008246
025254
015006
025419
016616
013335
029006
009370
782525
017644
029482
005006
023201
782306
031593
004006
003223
002782
212322
782762
001268
005152
029235
022006
216272
012200
782519
003370
029006
012006
030079
016006
027006
012193
025516
017006
012006
027769
009814
005970
017598
782398
011888
029006
015741
019662
782081
019618
025094
782538
001445
008243
004718
016937
031499
030554
000006
026429
029582
021875
213910
013132
030522
782277
029348
017777
015175
006006
019006
213640
029082
017547
012982
003110
027006
000482
010006
212574
000369
032485
028048
000573
215816
020373
022604
015791
008010
212364
005982
024023
211657
029285
782023
008828
013549
009009
030867
021582
030369
007604
782212
012693
011620
022662
016100
010842
210089
022682
021486
782964
211271
009466
003445
017349
030006
003281
023757
016114
022882
014943
003232
213239
032589
006209
018795
211912
030935
001006
031282
019601
002043
023006
026623
011983
029686
016257
014006
012006
010652
019035
013316
013006
782221
782520
024565
024258
021582
031782
782162
015923
025382
014182
219969
018006
214736
015174
001154
782882
019769
028301
213604
782161
218595
005485
782229
007782
008079
009662
011574
007475
029343
027532
032684
005472
008266
032151
017233
009006
018604
000468
031482
029616
782066
782873
212510
015941
782866
004020
015948
005081
031882
