44 155
59 768
885
030359
009847
003187
010309
447633
019768
441724
003259
026031
003217
443584
002344
012768
011367
032174
007030
022716
031699
021685
025768
448541
025573
011452
442229
155159
155665
013768
008591
023213
441986
015768
021906
021622
029666
001991
009559
023279
004867
026103
030768
001534
031833
010287
004827
016768
155918
017244
155086
011508
011597
155121
448907
005022
155991
155251
028965
026768
448465
012300
029235
155612
443876
005289
015159
002461
019159
448700
021080
002545
155168
018762
031633
443082
014560
006141
006336
006768
155827
021028
155984
030168
029397
007406
028463
444690
005344
014659
155464
005558
155911
019947
449129
014768
008764
155076
440118
155847
155547
010832
030768
025896
008324
015653
028859
015729
030565
025532
029719
024768
012259
020859
022620
007849
004768
011787
012768
155898
022638
155002
024485
022211
018827
003930
442082
155831
023768
003256
001448
155126
155064
155293
008768
016338
000070
006768
026768
019221
155560
010768
015905
029313
026984
010234
155970
021157
003859
023592
155733
011383
444499
022090
012100
026573
446885
013209
019981
009699
009407
031219
011427
155560
015452
000603
005398
011569
016990
029557
011768
444149
003946
019459
155509
030479
023207
032138
001699
155014
012768
005765
441720
028264
030703
032768
004301
017427
002768
014824
155098
001768
023754
020903
027609
026059
441630
012768
155090
155132
021517
009321
021768
004721
155970
026359
017227
020577
000205
014659
030768
018724
031359
003171
005844
022509
441872
015859
013697
009941
012341
024968
027321
016768
008768
006932
001159
014035
155135
002534
017728
019759
025233
155125
012782
017065
028264
023768
028768
008631
006426
000563
014419
008741
013076
155521
155587
007239
440552
020474
443742
002900
444234
010680
155923
008168
019659
007544
440708
025219
016359
007768
021448
026119
023340
449770
155433
442622
005540
018768
449247
020050
008396
016768
028768
013139
024370
440143
017973
011957
027359
010843
019768
011471
155261
020920
447327
155053
442528
024597
001881
013310
027578
015090
155234
444247
027422
025974
003768
017519
015966
002794
008768
031089
021797
006460
030768
026768
017438
155518
027944
017015
019323
001124
025369
001670
028015
022729
024059
003830
005300
010759
013303
013959
019206
028969
019455
002651
032677
022539
027768
003196
024023
017723
005371
001620
013156
030149
030497
027443
026768
010259
027294
019149
032581
021768
000259
021433
014359
032297
008941
155099
010974
000759
016145
013659
000767
003968
002768
031768
017923
005459
017368
445781
440574
021884
010768
155204
155921
031911
019951
010342
003425
019451
010198
031480
021382
021614
006204
004009
445005
016666
003080
027541
007886
012768
010724
015292
030951
009527
004259
001920
011127
029710
009803
155483
445635
023259
030080
004711
008853
005408
007448
019141
015459
001818
019768
017768
021768
155960
023085
030101
032505
024796
021768
008987
003525
445802
013746
005352
020959
440398
012018
016259
023859
003059
025610
155125
022839
013518
021559
446167
028768
155226
017859
015760
014557
018554
155061
024521
021098
031258
014345
000768
445956
023725
028532
020768
021762
028768
025530
449490
029569
013253
027656
030583
018593
013362
003666
006219
446664
440608
024014
443212
155622
022492
026999
011271
155192
016217
014988
155089
155414
020268
025358
027759
010797
029647
007237
029907
004549
019039
440012
011768
000691
002845
004416
155056
155872
155008
030359
032358
030768
008930
027649
004868
007901
004255
446927
155362
448818
023289
004941
002796
012840
012135
019582
013250
008852
009659
021033
021894
155526
006533
027559
446825
025812
005859
010768
029759
446677
021111
011650
021980
032327
443716
006118
003777
016768
030713
026176
155874
030241
449097
441248
017159
028536
004617
009624
004638
025768
012559
019039
029981
008768
025316
001967
022768
016163
009759
155999
008768
446824
014086
441257
031768
442275
006582
015059
008768
030028
013612
016876
019958
444191
032122
022550
005728
023768
011860
024477
000695
017213
005525
032295
005848
448084
028091
019232
030768
030432
018534
003637
446102
032768
002269
443547
001503
000606
028768
448102
013063
155317
012151
007538
023454
012012
008922
022174
030859
001851
031768
011211
016589
022015
004728
155921
015859
009459
016714
030475
027831
012768
019659
012406
028752
012768
024380
006550
021738
010951
444940
002625
025104
443380
003611
023058
032051
011430
010747
024296
447205
015406
155515
031588
018359
029023
155963
015726
011759
155266
449425
443248
017530
021413
447016
026905
031807
027759
004452
014659
155594
007790
010047
155607
004958
017746
014768
446413
024052
023791
446924
006708
449958
002263
017831
032679
021100
010909
444654
031597
155979
002139
008081
155792
018697
000813
030929
440351
155194
023768
013971
015980
155966
004756
002466
009359
447184
015094
021866
015768
026913
001768
023166
029122
013883
444966
028946
440708
155670
022768
021768
023059
155359
011978
030768
014890
441444
449507
032523
000647
015225
449382
009740
014855
009526
031863
022966
005345
018859
014720
019606
025361
018768
440795
008799
003795
441252
024768
010855
011052
008445
002997
010768
155705
004447
013503
014265
005246
017859
024263
449316
013777
021828
022703
030476
155108
004459
004441
030393
441414
021857
032304
017659
028826
447583
004511
442305
023206
032418
016759
440467
029934
006975
447694
155465
007659
017460
155586
155122
023948
005119
005466
155750
009341
155548
031959
000212
155619
448571
448042
032749
031261
028759
001606
009759
001405
031159
016545
015759
032380
011347
155081
025544
014426
001662
009029
155598
013727
020460
445180
017359
022768
015423
028187
018809
006059
155544
003768
023205
024759
009856
020759
441650
024966
015759
003859
445932
000763
024335
031857
012166
445491
443929
015250
004693
026259
024768
028827
026226
021768
030666
026692
024412
000216
018827
020768
440163
006396
442896
155678
023486
155303
018768
009845
005094
155993
008394
005542
032768
155643
155201
019023
155561
155101
006900
011456
011259
012768
023792
006990
002775
012069
016139
004768
032173
007573
441827
155336
025102
029007
016759
155008
155008
029157
000831
031696
007467
006190
015659
155383
155439
031768
007440
028540
155443
155153
000610
