86 651
65 601
840
017265
027283
018058
000175
026601
004287
012601
002138
000601
012118
007540
024465
014398
651098
010481
019567
028596
007746
007670
021476
024917
866760
013758
032601
000726
003034
651393
027273
016193
030165
003690
013694
862627
651989
863879
011149
000669
025598
651436
020165
861731
022861
009385
010816
016601
030953
028223
030792
010048
013601
019814
865427
001604
016601
860506
017565
027809
011601
003601
017975
865089
030066
006840
014676
028641
017601
008601
021085
651250
004755
028128
864277
866424
003601
860885
006646
651478
024925
031260
020778
013855
012927
025134
022675
016601
002601
005965
020356
032080
651145
001825
013573
013065
009905
001717
019565
010946
030601
860839
020829
003394
019645
860675
032065
002480
026897
029608
023277
020134
009601
020169
651478
861138
031426
651677
006724
027700
028862
018465
000601
015165
013993
862944
651821
864643
651677
869857
868891
001665
868072
000841
017615
014965
000700
005601
861829
005227
866224
012274
022885
012601
032629
861909
006601
651400
651193
009412
005767
010677
000765
869834
000601
027734
020542
022086
015601
862597
024254
018165
012601
006365
002438
010819
002290
016339
025808
021465
013765
028074
010827
001988
016798
019601
030104
007056
029833
019761
020686
026385
018842
022165
651343
001187
863063
005965
000656
025012
011959
018738
026124
008007
010951
864489
015441
867013
014855
007065
025402
651543
006265
015275
000532
005601
032729
027865
017953
862570
019472
862494
028440
014262
651607
004360
011171
029965
014523
000489
651887
026632
651739
651522
008165
864705
001259
031665
000065
022045
013388
863154
011601
026919
006738
651776
024365
013601
016469
009722
869007
026260
863793
018765
031376
016626
861334
014171
651964
018866
030664
013000
021100
025476
010965
863789
861385
011434
029565
014601
023601
012157
651123
004074
863837
025318
016292
003832
006461
031461
028498
017265
014179
002317
861595
005936
007028
027909
867981
026565
001883
005385
005265
028681
008365
003601
003477
862764
027601
651115
027311
001405
007171
022765
651675
025765
010998
021604
019631
008388
018718
018259
014665
021479
006365
866853
020830
030806
014854
026160
012054
000146
010471
651559
029421
016366
651685
025329
022865
008601
651506
011979
007601
014465
017540
007265
013509
002317
032053
862258
017865
866466
018140
012937
002601
009601
651817
021292
867530
651296
032365
005601
031765
008165
006120
006601
014214
026807
008705
007601
006693
026203
017762
651946
001048
651624
007954
001127
028240
865127
023817
010142
028400
021601
010935
865831
003537
651922
028029
016211
026601
003293
020785
010601
651555
009270
009375
013640
018065
868834
861539
012796
007262
651731
024601
014248
020170
651182
013293
023332
032365
031004
015026
861738
869623
000441
019695
003601
651628
001088
008601
018569
867679
027837
023115
861723
651448
011153
024395
004565
017411
007665
003202
024601
867705
018023
011765
031805
029478
021840
019285
010968
016633
651348
651032
029910
008982
012306
017860
029527
008365
028233
029171
651942
651879
014512
000601
023234
651926
005191
006188
032719
005601
030465
028094
008867
022601
651686
020565
022865
009565
032677
028042
015811
021601
651016
028804
028368
030335
001325
868023
024618
018396
021086
007846
031522
866280
026358
028870
003873
003413
031896
024450
004665
023525
866824
008695
862594
651067
004640
010041
012534
651000
032621
025293
007717
863943
010601
026925
651978
002850
026444
023623
651036
021346
016061
010265
026886
005299
011728
003765
019601
005717
867093
001421
006865
032444
001201
024965
001768
026641
861262
021244
009625
017565
860984
013601
651695
005032
001565
008363
001219
651917
031918
027601
031601
012165
651424
020027
031993
029265
000893
001014
000484
011495
651293
866798
011601
008601
001601
009601
024601
026865
015265
863252
006565
023088
006231
651106
012601
015258
009647
651238
017723
868706
011156
651351
007118
862097
010591
864510
014651
651844
007601
014578
021705
651785
008624
028601
006227
010165
019468
008979
012465
013601
028410
027089
011950
860122
007672
018277
013976
009085
001601
019765
000435
015072
651716
001601
011838
018939
861056
862902
024588
022586
869777
861979
651549
013245
014601
004765
029091
651785
007406
651954
651709
022421
013465
021860
018335
005677
651005
023388
013143
651130
026555
025253
867754
032488
012008
000940
002997
008454
008237
012465
029613
018682
865351
651137
016601
023601
008968
861968
002665
651437
032601
029869
029256
007640
015601
005865
001601
651897
002774
027565
028878
025624
018601
651712
030624
006601
004601
651462
020601
031122
019397
019750
863917
004965
027601
651357
028290
000985
001084
018725
029855
015338
014428
030601
005506
865053
028505
863609
019854
012239
024265
016601
031065
013665
025013
015712
021601
020130
009601
006601
020665
032736
005416
651949
010844
869285
014590
028325
025668
009729
014541
865536
000716
865384
020328
006204
007565
651411
651250
023601
016141
010865
009088
025601
005857
651199
014155
008990
030858
008965
003967
008601
011462
008239
019095
008314
004586
867776
006879
015812
003601
032570
864312
866561
018200
021856
002647
651808
017452
032618
024007
024547
865675
018709
028601
006336
021501
868129
651436
862897
004798
023105
015601
012516
015579
001727
031313
006165
868488
005589
018259
032271
651364
003012
651759
009574
005065
027649
028522
020416
001052
019865
013310
015055
027224
016439
651648
027834
031441
032665
019176
860633
005745
031015
019252
008956
651966
651144
029334
011876
651205
004291
013465
022601
023765
002016
014624
031505
031502
009275
017632
006065
006065
861901
029153
651649
860405
001025
014336
869793
651532
015896
017601
014550
863795
017350
010065
003765
008729
651050
866806
025584
021601
019601
651388
013165
651450
028621
027038
004593
020601
025167
004345
023865
030601
651632
017839
013817
006753
018613
008252
019861
868318
007865
029565
000617
025429
865966
