53 912
08 832
945
004313
538321
533646
000832
023196
537129
912535
011173
012044
026292
017253
026154
004708
013186
004474
002168
018787
912958
010202
026832
009308
029334
024372
011833
537487
007518
017773
001832
017192
912102
029832
004832
030527
001543
912023
013061
031003
017505
022725
008492
912222
013064
019187
022413
534270
000235
912711
018896
007832
000140
002695
538019
026832
022832
912371
004608
023851
001018
021832
002800
031060
009010
912170
009576
012043
007164
007832
029832
912577
002832
005629
025423
006832
000123
003832
010195
001264
006202
005832
029011
006411
531153
912790
530188
004940
018662
530900
538958
912365
011408
026832
002303
912357
006477
531113
019801
014460
012993
019405
031108
532835
536072
018832
020556
001626
538526
029337
023808
012896
029617
012708
912585
024423
912229
006832
912296
012053
003584
006654
021457
912532
002607
000911
010067
004675
912223
023832
022741
021459
003221
912626
015832
533850
022208
012193
912637
005832
530176
006962
015808
014413
019855
013142
027611
020424
912752
538296
010040
912875
012818
531017
028112
013169
530040
538685
019497
025990
019353
538651
022044
912335
011192
025832
028832
023775
029208
017549
535561
006408
536129
027813
912601
020215
008213
025808
023392
002832
028027
010008
015832
006287
032604
531221
005706
009832
027489
012164
007619
007591
031818
000750
004975
530303
021098
013832
002971
022913
912545
017508
001769
008519
028289
002865
912245
028318
009601
531132
027832
028570
029908
014423
011600
014008
000028
025347
532943
022408
535049
912588
912608
021208
029954
014146
007949
021430
000832
912536
018035
015185
009853
011224
912923
032257
004944
912318
535411
020355
532549
912584
017964
008008
912142
021948
020426
026108
032404
020832
019375
016565
014736
030814
538256
023832
020482
021015
018208
014832
532637
019608
005662
010808
021416
014008
022233
912303
026303
000148
532317
027109
912200
531318
024050
031361
011832
029643
014902
028489
001282
030674
912402
533831
003878
912008
023971
021945
026504
032685
006698
012722
912037
031461
012508
003832
001515
024937
000008
912971
015117
024508
018330
912212
538082
536085
024484
008380
025951
018115
017110
023073
023977
029956
026113
012832
001723
912028
024778
005832
021974
011333
026108
032168
009676
028650
003832
912686
010116
026667
026679
029421
008808
007516
028666
912681
001340
006021
014721
029308
912902
537124
532745
028423
534806
009832
031907
023832
021136
024114
004008
012290
539996
531054
014708
007491
005131
912439
024832
006995
025269
018238
027908
017659
538486
912462
012158
001146
533037
530647
006602
912098
912292
007278
018352
013882
028308
008762
532336
031418
025828
912816
004449
000832
024520
029560
025162
020675
912361
016398
008714
021108
008638
015075
011521
015615
013234
000905
019557
014161
012549
000330
028350
912925
539737
018337
012832
030708
031591
019108
013337
016832
028664
025832
912281
009832
028832
009808
028308
006249
029174
000832
001908
008408
003805
016832
001615
011832
016893
013509
019695
015508
031832
027308
026832
028510
030832
030910
912182
015832
000874
014832
004460
536972
026122
021577
025605
027508
016343
002832
011608
013428
009762
024408
001908
531759
912204
004832
005832
008166
011367
912787
030556
003447
018283
029331
912583
012723
022018
009220
032182
019490
004324
019608
531643
015677
031832
032196
016828
029832
010697
912703
531408
009508
030238
536443
022508
025128
023650
011192
015869
027465
912713
912634
020972
912901
005177
025770
014832
016508
002832
032179
020169
012042
028182
537926
912670
005651
007213
535783
002742
004472
018434
912718
014867
010938
009257
028832
028458
026063
530807
019832
006365
007586
007833
912330
008928
012433
006766
019810
011832
912982
912352
031244
006608
011647
009535
003264
533243
022008
000189
019808
009523
024832
912891
019854
025697
017780
012931
003340
000899
008408
537492
028252
001508
001840
002785
031832
028791
013832
021578
030971
000073
001620
533826
019708
013578
912418
912159
012924
010380
912967
006477
015370
014196
912722
019019
912056
031163
013716
025452
004954
532862
015460
010904
020136
009198
014832
007240
017008
000241
025832
031758
029832
007296
015678
912579
027577
014007
024081
002678
537753
011832
003093
912172
029929
010168
011191
008922
005651
002108
031508
014629
005874
015469
008108
009091
536949
020640
530236
009487
028162
023183
030180
912065
002513
012578
536878
004611
002445
029975
912750
003333
912214
027007
008896
028832
531810
007231
006705
006832
031351
024208
532276
912189
027666
003408
029614
029253
912348
010808
029082
912197
008752
537296
912021
015947
018318
531376
029859
532074
006922
001643
912153
004747
539926
006450
024961
912855
005716
031561
006473
001550
001108
912699
018643
007172
009981
013476
008247
016608
032372
003989
023165
009658
537206
536948
027832
912396
031020
535529
912109
011969
531617
016608
009168
535928
028118
015832
912486
532420
018271
537415
000318
001832
008387
023186
004360
028074
007832
010832
019832
031311
532677
007768
019413
000542
030832
007355
031832
013093
010987
020493
009832
029447
010753
015084
013525
533964
004872
003832
022593
016080
021411
912968
537216
028708
031531
023779
012832
027936
024308
007720
025608
538455
004832
013508
005608
007905
007375
912885
021080
010797
010508
005340
912058
007740
020474
019097
912335
023400
912955
004141
012481
538315
536225
532012
011455
025832
000008
024512
026018
023708
017650
003335
003169
005303
021979
029105
018661
003652
024033
015832
026832
531420
032832
912063
020652
004769
015005
001832
024326
021323
007679
032588
029271
029208
020183
533955
912779
912262
023487
029033
012935
015908
912962
011001
011807
912669
032671
012998
013597
008808
007832
021028
028801
013490
031601
011832
019771
029301
537721
017421
018610
536741
031812
023015
003393
535279
001608
533822
024245
000144
031339
024604
022225
021832
002330
912223
029130
004987
018808
005750
027308
028135
032208
023224
026708
031908
010208
006708
031008
538184
028382
006708
024684
012832
912667
024125
532737
032108
010737
020556
016832
008708
002136
014808
021108
008719
020476
003832
016290
023072
532189
031490
912893
017063
025903
912176
531695
032408
021083
029515
029832
015722
024828
024399
011891
026908
014243
002832
020832
010608
015832
018413
532816
013162
029126
019877
026260
026705
002832
032108
016360
018588
028245
912425
013108
533063
030502
009008
017226
030048
001570
912458
008456
531531
536819
010556
031495
530591
003388
007450
006272
029383
001775
023508
017954
003585
912333
010490
004750
010722
019611
030338
023208
532352
000408
032683
010002
912422
006135
912361
912194
023188
534042
912941
537469
