09 971
71 242
332
971842
971225
091718
005351
015857
020975
971351
005750
026747
017290
013242
093760
004092
031242
098849
026242
020242
014486
032242
022332
971145
017709
006747
009319
007136
971244
012490
096546
025071
098962
003719
009242
003271
090766
030290
971636
017995
971463
091620
096133
015971
025242
971501
018242
028738
019397
009588
000470
014115
001242
019874
004337
012871
005958
023671
024242
031065
971820
020204
029197
098643
022971
032624
012473
004678
971719
025188
004321
010242
011186
004766
000268
010876
019946
011753
971838
971322
098911
000387
000237
005578
091864
001242
009365
007242
025242
012000
004242
971411
031807
000227
007242
003112
010671
001206
021435
027959
016811
000071
000597
014107
096415
001094
015242
026934
008242
018403
004200
005242
017723
022032
007787
030771
011242
092463
029801
091913
015314
022971
971598
093790
017242
030471
091184
025971
008235
013977
027205
018920
013458
090598
022871
002071
093505
971290
099440
030402
015242
971226
020057
025646
014668
093386
021671
010813
008358
030437
008875
004876
031429
026010
014784
971435
094840
098529
092633
012637
025445
027242
003771
005271
001971
004242
022378
028471
971725
028125
004189
003935
015242
018614
030313
008026
097727
002466
023971
014242
021242
091953
004509
018600
013671
006763
001568
971960
007373
012242
022385
013485
022946
016696
006894
031119
098627
018461
032652
000071
007965
030284
015971
971110
000497
004242
093256
011271
028501
096438
971265
028469
030386
020802
025471
010242
016708
090137
028728
971831
027293
005242
019688
029559
090530
002242
010638
025860
018060
012242
005242
004139
026728
011242
026396
004242
010242
971646
971559
011773
032242
000552
004460
093171
099720
096088
031242
011612
013671
024628
000583
971127
025000
031990
004638
012793
971373
024908
005300
000827
003872
099289
005693
012999
007366
030642
013242
013854
003992
032226
025045
092548
090444
031975
028847
018098
031594
006067
030991
001268
026571
096812
001677
971617
000071
971340
971484
099814
971500
007682
090370
096498
028864
023023
018764
015467
012971
000242
004242
971888
021813
091244
026850
025605
008428
000420
093032
016371
031464
015371
016771
009653
098227
027954
001866
971147
971137
024312
971320
032555
028242
022741
010648
018667
031146
971594
012075
016729
971508
012494
010506
971955
022444
016771
971031
