42 698
22 155
587
425257
424464
008155
421065
013165
013540
428042
698194
010270
032200
032106
024155
007611
000422
030175
023448
013079
026321
031522
013522
420071
014122
427997
001899
001320
016984
001155
019485
698199
004155
030169
004822
017222
025706
024075
020155
017155
020122
003145
011714
024168
020307
023504
421697
015955
002343
032155
020736
425633
420930
698904
012422
031754
032176
015415
698231
698975
420514
016657
429438
015155
024618
025155
027219
020990
008672
021302
026155
424898
698945
422222
005794
012844
421547
000422
031723
016653
028130
001466
422512
003318
000142
031506
698684
030270
698250
020322
019195
421520
020122
698892
006784
012187
028343
016859
014016
022832
017683
022015
428516
000039
003205
029146
023675
009387
006030
021735
020373
012155
698786
031785
018345
016085
030935
030883
698096
422085
000521
021922
698688
017236
027065
004198
026386
010976
012121
007245
028522
002572
002370
031654
011080
698391
030510
425867
001155
030499
025722
031155
420703
698967
023542
003566
014155
019198
018364
031665
420340
002155
018012
003322
012522
029155
003079
028838
008421
005991
021839
698565
698473
021970
427053
698508
004429
698689
011771
426259
023522
010966
018170
022199
003850
012936
019406
010313
032371
017073
002173
031102
031417
006153
420595
029222
027370
023305
024155
004852
030519
007155
021465
015444
017222
028155
008596
427552
014155
698590
013357
007809
025686
698259
698435
424101
022869
006731
426074
030843
013322
030511
005722
420057
008174
002183
017295
016922
029503
698300
698480
015505
022858
010557
024120
023656
003332
017182
011320
021074
009094
021322
019714
024322
026255
031467
698231
698880
016155
004720
032155
027522
698126
031155
003220
031155
024147
030122
000751
421478
422589
427976
698090
029322
030322
024822
026539
011155
698186
001155
017155
698514
003644
423669
698676
007952
698137
422988
007288
698074
003155
698656
009616
422129
001922
007049
018026
420202
698416
014522
012755
022844
698443
031999
420121
031413
015722
012060
009074
032501
013208
011026
698291
010929
030977
000008
000922
015137
013822
007155
017253
427299
022902
006369
012729
012438
698226
028155
424348
009522
025518
027155
013155
423144
420961
006576
420645
022972
024196
015155
001229
023532
016155
024155
019724
024526
008983
420574
426588
020664
020155
002922
698623
015625
027822
698149
013522
007328
027804
016155
012779
010083
010532
026099
011155
425290
029922
022139
027580
021778
018456
029155
426125
698698
698180
006064
698472
429593
003005
015333
027587
015638
421064
428399
017508
698438
422638
004155
698744
024769
026518
010155
023061
429190
001222
017004
031768
031347
004522
021665
032000
029173
010668
031579
017728
012158
023267
698734
005169
001522
029235
001722
004750
007545
021754
008155
029942
010273
027522
009388
011886
010809
007155
029881
013020
020454
021984
022999
428829
021457
010322
030049
028155
030155
029313
016117
019155
000122
006522
698854
011122
025155
021945
020155
008061
020259
002822
002718
005268
032050
013799
016722
422792
026122
025316
698758
422399
008357
015155
017780
030406
017686
008155
023155
428428
698960
020949
026385
427157
698841
011593
698033
029768
698935
030096
021561
005522
028499
011849
428606
028222
022769
001588
012083
011158
016938
020920
698758
009023
019298
005470
024196
009988
002946
008222
025155
026155
001622
014058
023722
424837
013222
019736
009958
427085
005284
020727
002426
014536
023370
001348
026199
003522
008322
027155
030571
425529
698044
016422
427528
012155
017757
000581
015922
015722
009299
004099
698245
000201
024083
420735
018895
006170
028717
698752
698773
018155
022155
010030
010765
002980
012358
006022
006667
015155
031099
698870
025412
018064
020084
017911
009155
698826
017366
424988
015865
023922
019659
005771
011110
010666
012670
003925
005874
007043
005155
020016
698934
002022
003815
030582
698082
020900
019155
698300
015864
002622
018629
029788
031744
010075
006490
014819
427195
016807
015374
021156
420432
027222
000553
698955
427625
003128
001527
698490
028054
024155
012618
024155
002282
026439
421493
000269
021033
423592
429026
019155
004961
015907
013245
