41 467
34 500
169
015734
029358
024464
028145
016827
000491
011934
005436
014604
000500
012382
018716
467895
467726
011538
019912
026299
467894
467811
030333
004634
467711
006868
417644
032734
467859
009741
000500
003035
001842
030500
008500
022648
023805
006729
015334
031134
003548
012623
019954
011840
007376
026308
467439
467323
021538
002082
016541
031500
029658
009930
467306
022386
028745
019072
467829
015534
416512
013290
018636
024734
015574
012052
001134
021724
003434
030191
011500
012287
010383
008909
467758
018588
467946
013030
029168
032591
001500
006334
467537
416483
467041
024500
030836
011020
024021
023134
414484
004734
001934
027938
413788
467467
014893
022483
002421
006617
009514
007616
017451
005500
411556
030303
011034
032500
032702
020485
014500
411587
009503
025234
006618
467796
015281
410798
027157
023622
012292
414179
467657
006191
022500
467511
002634
020055
412646
467886
028433
020134
467416
031998
018500
467699
418476
024389
010712
002510
026869
014688
009789
016423
010585
010285
031426
023500
467932
002154
017189
411329
028692
010555
016549
009500
418060
467753
012423
415996
012500
017434
012500
023134
020416
016105
016282
025734
011701
020671
467263
024355
