73 454
09 430
238
013991
024853
012567
029877
031109
010773
026862
029429
010539
021841
005430
731047
030430
011989
013403
454462
020392
014009
014611
000692
022430
028809
730576
002486
028603
016498
012878
006723
022411
023117
001227
025430
020801
016430
454012
005430
024401
021135
030633
454134
733671
027209
734540
010209
020366
003430
732071
006309
025434
454555
004299
734075
021430
022488
026609
025309
032487
733713
012452
024978
012704
028649
022837
454459
730955
020526
001366
023109
454446
019635
003936
454238
024430
025599
454925
012309
029863
029430
014334
022426
454244
028761
005175
024696
734471
016713
016030
027109
029430
004546
031109
000391
013196
017950
007409
006667
010430
030973
454516
004430
024430
002497
011009
018563
737007
015121
002658
018275
011576
024909
028611
730209
733263
008514
005783
024988
023705
015430
028391
454985
454320
030909
028430
030562
017554
032302
031629
021026
000528
025609
020109
454442
010016
015009
001709
029551
000430
010485
732572
454858
000129
006860
028430
006422
454473
000333
454051
016534
022322
008202
021509
005388
015885
737610
014274
000430
003009
031065
024572
014726
454523
454587
001997
739175
010678
730893
007406
010489
004430
009964
021113
022430
013763
008188
017264
009754
025430
736586
009524
027302
454659
030682
454574
025566
005430
000430
013226
006602
028901
732749
030102
731881
016710
026409
010430
010106
023987
032490
010509
032309
002662
738213
454115
454785
731564
012837
013784
454972
031544
013257
454129
003340
027901
005809
027500
733613
020311
736332
001814
730216
006834
032252
010141
027450
017430
734562
735111
011011
031321
013345
009809
018664
454444
030430
731025
017953
009006
021129
