6035 4756
4920
1501
4394
1389
2339
3009
2321
178
254
3089
3085
1898
1195
448
207
3529
3384
2956
97
464
2921
632
4659
2488
943
2197
1038
805
1879
1084
2362
2566
2574
496
1459
4529
1780
3994
625
12
2030
692
2160
2434
3937
1985
1868
2394
3212
4052
4985
3822
4397
2361
4651
2195
526
4106
2402
460
921
1595
4024
1116
890
4568
941
2387
1613
2317
3610
4641
1743
3061
2901
2297
3481
3143
2453
3456
706
542
1287
2934
2564
1624
2520
3971
627
2674
1932
1270
689
2354
2670
2938
3589
2981
2168
4635
476
2482
2029
1696
4153
1342
70
3168
1370
3017
4474
2370
2627
3105
1849
2983
2295
1998
2427
4691
4891
4613
3756
2348
2037
2913
1675
1546
4933
3367
972
1968
4476
2137
2290
3449
98
2278
4393
1055
3844
3847
563
2200
3510
3557
2721
714
2620
3505
1956
2561
3048
1700
2972
3830
1055
4272
697
4018
268
3422
4152
3339
1106
4218
4849
118
428
2676
335
222
3535
2625
3471
115
1203
1009
1989
2823
2805
922
1043
1501
369
3541
3411
1339
2454
1647
46
914
4946
4211
2782
2027
2560
4805
4122
3788
4838
4946
1632
955
540
2791
1072
3459
1866
175
3709
3101
2970
2705
4743
4536
438
2577
3176
2060
1179
1702
2388
1363
934
4092
4436
4033
725
1963
804
1190
801
2095
219
4033
1346
4233
3588
1983
2740
3598
3443
828
1233
1527
465
2098
2384
1849
4108
1432
1332
3085
1041
204
2440
2027
4891
1916
1649
738
4016
3690
4100
4427
74
2326
2674
3823
1364
80
3304
3886
2717
774
1572
4274
738
4258
3646
4995
1247
920
3947
3124
1141
1382
288
2574
4195
1493
3309
4860
230
600
3831
3382
3371
1427
2634
2650
4863
1781
4655
2551
4565
2568
3731
1516
975
1265
4976
2953
4440
779
4216
3364
714
1785
3079
359
3364
4604
3376
2271
3270
2569
2402
2696
1559
2951
1269
480
2439
3527
3432
2866
1289
797
3308
4107
3947
238
4903
26
1737
4522
2562
99
670
2404
4955
3373
453
4112
1450
669
2080
957
2230
1706
2054
2306
1080
1298
2026
1398
1283
1469
626
1066
1137
513
4773
3474
3034
3349
2688
1685
265
539
1507
4408
3375
1903
3951
1137
3524
3125
1259
3459
114
2578
1544
926
965
3841
2217
1113
1472
601
119
546
3906
2253
4228
2372
2289
124
583
595
3837
1106
3839
3604
4104
1839
4387
1129
821
766
2224
3483
2327
3081
4917
1264
1747
2755
652
1336
40
4798
2746
4659
1837
1758
2673
1277
1132
3150
2443
2300
4487
2978
1171
441
1224
2436
486
2253
957
98
4280
775
3987
3816
4100
4035
1714
4674
1163
4836
1338
4733
1289
4853
476
142
588
4173
3572
827
1799
4945
2046
3241
4358
2775
4358
2478
3019
3704
4012
2912
4616
788
1296
445
4222
973
1083
444
4934
4021
2494
1140
1197
833
1134
1572
4109
4147
1928
4387
3682
4394
3810
969
2146
869
3675
1885
953
4000
4227
1912
2243
317
2694
2002
2451
374
3692
4595
4964
4242
4485
4821
2726
1631
1516
2824
3420
2232
1833
2358
1859
3070
1235
4449
2861
1859
422
641
2527
1613
1
1250
1824
4096
467
2581
1387
3255
1384
4174
2678
2724
1062
2174
4332
3462
3485
3194
2128
1867
1694
4404
3299
3886
1010
3416
2720
290
855
1562
1950
1576
4431
2598
910
3733
2449
4112
670
2192
4620
1605
1852
1331
4289
2969
1511
2407
3601
3426
3426
597
1535
253
4778
1314
2911
4592
3059
882
614
3064
4934
2713
3076
1308
1102
1013
4784
4121
907
784
4098
2368
3614
4334
4543
1501
190
33
888
1248
1162
3909
3620
233
1272
2545
248
608
334
226
4812
1395
927
2103
2888
1412
192
1824
4158
738
1979
888
4137
2319
1980
645
2743
969
570
3397
763
2533
3768
1396
4062
1969
1493
1867
1655
1616
585
2323
2408
2868
3649
2314
4979
1695
20
4997
573
4386
4198
383
4290
2602
549
4353
889
1335
2123
1115
569
3439
4796
2825
3980
1987
1192
1289
4299
3680
507
276
674
2161
19
2476
694
2387
3617
1237
2340
1089
2684
942
500
4737
1347
4186
989
3694
4753
594
4578
1039
2917
2605
1110
3576
4323
1611
3437
2616
4149
3438
1891
1787
1230
507
2768
169
3065
1423
548
239
3525
2493
3407
532
3212
2975
1132
1974
404
4731
4527
2158
4693
320
3197
1161
1340
1888
2323
152
679
1961
2722
1555
1674
4815
1401
1474
1098
540
2364
1292
3776
987
579
475
105
1497
486
2935
4219
213
3543
1762
1266
1889
4064
1996
1436
2737
607
3305
1617
1172
1535
176
551
4833
418
3644
37
3748
500
3768
2535
3400
1513
1502
1641
2935
993
1169
1151
1984
2219
2341
1669
3945
311
3403
306
262
4865
1697
1371
4344
3851
889
261
1552
3874
1009
3394
3614
980
555
4328
502
4864
2534
2022
4578
2375
1332
3816
3782
2537
2829
53
4991
2387
1069
2384
1589
1368
777
1700
3852
2429
2536
1939
3685
4985
2111
3193
4578
3141
1837
3492
4082
4520
1169
566
3890
3735
4217
1870
2597
1179
1380
2924
940
747
2977
836
409
3316
834
21
1712
3341
4556
995
4272
3896
1944
417
1257
4094
1702
4794
3655
2994
4760
1714
742
3649
142
3705
4213
4520
2057
1904
1807
1927
2713
335
896
837
2978
2798
118
1508
4220
1035
1840
2678
2483
2867
139
4799
3767
44
3058
3029
2108
26
1878
2310
3332
1449
439
329
1979
3739
3321
3008
2228
4289
1019
988
1467
4919
3668
1857
3866
2708
3174
3099
3848
3463
2887
3457
2246
2016
2158
3225
692
2950
1451
4917
4772
3733
3570
1605
876
3059
3082
4917
770
4842
2001
4983
2539
856
1066
2628
1965
2629
2153
1088
1982
245
3038
2651
4189
2224
1305
2951
4975
2518
3789
518
4348
2390
232
2740
995
4080
561
3054
419
3410
3859
3737
1116
2968
1193
3141
1517
1152
4842
2267
2671
1909
4304
2205
10
3682
4643
2430
1407
3649
4555
938
1477
4060
4766
2287
3800
1140
943
2203
4391
4608
2632
623
4637
3737
337
3261
3890
131
4401
1423
4754
3966
4500
792
4655
910
2341
2118
115
848
126
3544
1712
3583
3078
1796
4435
4229
747
2157
3198
4557
4849
2643
3686
2993
4425
627
3284
159
4477
265
2983
2050
2154
2091
1970
1630
3359
1096
442
4275
3750
4552
668
4534
2096
1445
2260
157
3902
3787
184
3649
3597
4260
1366
689
1257
1728
1731
3332
4742
739
1327
2447
2131
1398
333
3368
2144
1443
3182
4210
3313
2955
1792
4763
4236
570
3619
1386
2279
742
2061
476
2989
4099
4463
1897
1579
827
4096
2714
893
644
736
3798
4471
4018
3719
1854
1937
1631
3878
2749
1882
3288
3598
3084
1240
4274
1305
2733
1855
2748
70
670
393
479
1208
1808
3005
500
3609
641
186
3012
3075
4327
4389
798
4472
3782
2001
1524
1754
3179
1623
1167
3501
2586
4807
749
4556
1365
1014
79
2121
294
1968
880
4585
2967
2791
1635
263
416
4828
2268
496
2913
3438
1970
2231
2889
2625
3987
250
2838
2649
4985
677
1789
3727
651
4597
2340
547
1319
119
2454
4362
246
3490
3575
3370
2897
3491
1848
1356
3067
528
790
3881
1703
6
1646
121
1043
4254
4716
1943
1980
438
4020
2281
2101
1333
3600
886
594
2641
1220
785
2146
1572
3646
4045
4565
1715
3481
4561
921
3217
1540
2087
4083
868
727
4056
3341
639
4158
1130
4403
3160
3577
3004
1842
4418
2138
2104
346
21
4937
466
3147
3925
1084
4297
4159
2265
2595
3028
4343
2293
2172
4599
2673
721
2842
2790
2295
491
4395
2545
579
4819
3490
4992
1314
2190
1138
4449
1327
3733
148
3128
3442
2094
4451
478
3048
1995
742
829
3236
3466
3742
4834
4878
3838
4440
708
2411
811
477
4325
2150
1455
528
2831
1654
2199
600
2808
4831
3080
2671
2281
685
4607
1354
3579
375
1131
441
3595
2200
3898
2961
3616
3652
1785
169
3218
1729
3888
1410
317
1299
4708
2963
431
3693
3983
3411
1174
2700
197
2056
2997
1158
1441
56
305
828
3264
718
2447
4996
4963
1663
1944
2490
1731
1717
3983
3607
152
1947
1779
2986
1819
571
4424
4119
2989
349
4251
2853
4518
1592
3069
1909
1250
1710
3159
711
3746
1563
64
2311
4487
3494
2691
968
4212
4507
2692
4407
2021
1336
1300
3788
2322
4095
235
389
4416
4004
3614
3755
1610
1071
4081
840
212
4284
894
1337
1832
4473
2383
65
4509
3295
3368
1439
4293
4933
593
1881
1125
2337
4954
2520
1890
784
1544
3582
2682
393
479
1645
4873
3485
3640
1089
949
1401
830
4561
4076
2447
827
35
4053
490
1664
4566
3172
889
2189
4011
3314
1134
149
4614
3492
4391
1358
4474
882
2348
3471
2147
3
4402
379
1648
1999
1271
998
3320
397
4991
1685
4228
823
4087
4370
4325
4347
1776
4704
2407
3115
3494
1700
2743
694
1866
2637
769
1328
588
854
2590
3832
2053
3953
2275
1649
2756
3534
3861
243
2039
660
3812
1739
1517
3991
3005
2448
194
227
3373
2575
3610
2368
1194
2666
4969
4903
2100
1084
3723
1067
1916
3256
3943
2811
1356
2403
2073
2983
2440
1967
1105
3321
4115
705
2566
4367
3437
1637
1318
798
2907
1888
4722
1249
2031
3639
3126
1465
2794
358
2711
1655
4615
235
1312
888
1970
3213
2790
1297
4697
1215
130
2956
698
305
3832
2281
3997
4440
222
2248
3939
3229
3494
2613
2863
3444
567
3894
1340
4646
3097
337
3487
97
1904
913
1358
4478
1363
2835
2977
2004
3565
3876
512
107
340
4158
4142
3987
4016
4738
788
3526
3406
3143
4609
1979
261
4244
920
4820
3849
4474
4107
1003
4967
1638
1991
3584
1600
3830
1775
2878
129
1954
2438
3895
2233
3293
3871
701
4085
2843
239
619
3593
1389
4269
275
608
3899
1112
4273
3518
1602
3131
3943
2948
2838
4965
4362
2428
2921
2828
1286
3973
3549
50
4134
4241
390
960
3374
4477
3772
1003
3796
2777
1616
1620
1124
2584
2500
3956
2843
778
3360
527
4975
4800
2546
3840
4861
664
3925
3950
1970
1291
3814
3854
270
1210
1331
4801
3630
1816
4684
1488
2633
3100
3887
4748
1222
4829
175
1187
4588
4419
1564
1808
753
1516
353
3569
2343
2708
1994
3503
2508
4777
3924
746
3200
3646
3866
2027
3157
3157
4301
3726
2082
755
1747
56
4561
3022
1379
933
10
3354
2672
2493
1303
4517
1340
4335
521
80
759
927
1074
327
3312
620
805
3867
3155
3117
2011
2061
4596
4982
1848
357
2843
1717
3501
4349
3825
1018
3830
1615
2777
254
3943
4502
4378
2715
4555
2724
2420
668
1446
343
2434
1998
4644
2081
1231
4096
312
1361
803
1679
849
1108
2232
2757
466
1424
712
1195
2217
586
3154
2236
1595
902
4364
2211
2126
1863
2123
3792
4694
3728
3305
3096
3260
1386
838
1531
1012
4854
2482
2169
4454
4558
2913
1743
712
1672
2337
3142
1090
4539
4712
1662
10
1884
4450
3793
4056
2146
2417
3602
3028
889
3429
1824
1647
4460
1055
302
2664
79
1912
4501
2248
684
1455
2251
95
716
1179
3238
4512
2329
238
2836
2771
2121
1579
4821
3155
573
2729
2251
3719
435
1335
2488
1780
1873
1139
3601
4418
1075
2934
882
261
4046
2370
4474
2304
3454
4047
4248
1837
1237
4922
2838
4064
21
951
2349
4213
2032
2121
2434
1335
3014
4343
1855
4314
4311
2217
2397
4955
617
4875
448
3743
3788
2577
1379
1089
2980
1541
1406
3328
359
4132
4293
3136
496
4327
363
704
3227
2601
159
4348
2474
3029
854
1891
4815
1130
4273
4628
754
3624
2032
4924
2478
869
2015
1340
4431
4212
4103
697
3911
110
3672
371
4425
1187
4775
3082
4285
282
4211
758
1934
1759
108
830
1544
3285
1285
2779
3966
557
3625
2486
35
3445
2668
2471
1143
2476
1428
3176
1764
4733
2456
2913
4194
339
1191
485
4920
3684
2220
4701
1019
3160
4401
2203
12
4803
2106
426
4773
1377
683
3788
3732
3914
1244
36
724
1703
2164
3141
3376
2827
3204
1810
3689
3309
1613
1800
4962
3734
1829
377
4786
878
981
762
1921
908
951
343
1431
1741
55
942
3193
3291
3958
4649
2286
1050
951
488
3321
3320
1788
2638
2767
3188
3272
4595
2132
3768
1755
2050
329
2353
3489
475
4720
1999
2580
1980
931
3864
1051
2508
1466
3929
4267
1992
372
3472
3197
1025
1296
2548
1856
4878
556
4086
4793
2886
3734
1764
4032
4584
1248
3283
2492
63
353
3116
66
3776
1234
3755
1610
1262
3415
4428
2242
1112
1567
175
2935
312
4885
1486
905
4768
2152
603
1727
3209
2727
4799
4003
1212
4345
3153
1023
3620
4276
1708
4255
307
2340
2909
2665
3660
1791
4187
731
3889
1727
3391
3892
2590
1256
4054
1438
2453
4154
1668
1554
3012
1656
3436
2020
2460
690
1942
4040
3299
369
2095
4846
4516
217
1615
1546
910
1700
3319
895
2266
1604
4145
4493
1313
464
3277
2039
2606
4131
3929
1986
3959
3186
2337
2284
1689
2325
3415
129
1628
4863
1005
4308
1109
1801
3952
2508
668
3364
3807
2205
1557
2294
3949
4552
1922
4918
4587
1837
3801
4459
3361
1592
4698
2867
3038
4538
3396
3328
135
874
1424
1879
3108
1195
925
1068
1721
3968
2038
2664
44
4677
4905
2556
874
1351
3538
4915
3055
3271
3608
2410
893
4171
2557
3603
2788
4070
4371
3212
684
4250
1413
2353
1647
1834
4868
193
3282
2340
1108
63
3829
1639
4983
959
1249
4098
4495
869
3930
2093
4033
2832
4549
4916
4080
3420
171
4481
4240
3528
1366
2392
1773
645
3340
866
2211
625
786
4898
4879
611
1603
4196
1133
4271
2425
3391
2883
12
4331
4600
3846
3773
71
1481
564
461
1714
2682
458
4030
582
439
199
699
3475
4009
2288
4780
1874
4146
2869
546
3909
2299
2228
2996
2779
64
2701
3002
3787
399
2414
4784
4766
3452
4215
757
818
1129
1616
3740
4452
4380
2530
4346
822
4761
4500
4346
209
1210
1047
157
4772
3676
2740
1910
1710
1340
2164
2845
4233
4642
2472
4154
4192
1805
1459
4389
1058
3359
836
3187
119
2673
2128
3004
2714
4930
4383
1978
3248
2452
4062
3156
2320
2136
2741
1756
4643
1908
1474
2670
4478
3026
1822
3907
4934
2210
3470
397
115
146
4605
3331
1824
702
1032
3743
2202
1867
2002
1838
4470
1160
3545
2839
1552
4262
136
2552
3026
2311
46
189
1274
94
1095
339
4599
2805
2338
1868
845
4421
2243
2708
3222
3545
2730
3219
4203
1772
3555
4052
3380
4244
343
4854
3181
2719
123
2512
4330
1629
3208
1538
2708
398
3755
713
1820
3118
4901
2012
1279
813
3134
285
66
4908
462
3746
1048
3085
308
3021
4970
3850
3986
504
2022
2945
1808
4125
2052
4799
3808
4669
2580
4570
1634
1031
1252
2371
3913
227
785
572
30
1536
1363
3726
1148
4451
1935
863
1355
4649
3559
1281
3753
3446
300
1462
3821
1383
2943
3683
3374
421
1028
3787
3860
3795
3576
3950
1877
4426
1676
489
747
667
4378
3096
3156
117
4008
169
3626
271
1188
306
371
4688
2646
334
3164
1477
316
380
4882
4755
1665
2536
161
3014
495
3702
513
3713
3672
669
933
3927
703
808
4606
649
748
4915
2416
3265
4224
548
1018
894
565
2167
1900
3641
2970
3375
1060
983
3910
1386
866
3664
4738
3868
221
1776
2828
3990
4605
228
4113
1584
2298
535
4115
1253
3084
3509
1755
4631
2085
544
737
3419
3229
305
1266
3086
548
3073
657
375
1365
2224
57
4151
617
2423
3681
4414
3073
1057
3249
3768
16
4919
4636
4720
1056
4084
4431
4340
1412
2773
4481
2785
2110
406
3283
1856
1739
4577
3906
1697
2651
3912
3459
647
3301
117
4334
1445
1018
568
1702
1471
2993
3528
784
3091
2891
2342
3922
2849
1591
1303
526
578
1873
4384
3662
4493
2239
1398
3066
2552
1317
446
3513
1916
3553
3371
3604
2897
953
4951
2393
4661
139
3980
670
2991
4677
1602
2388
1337
1126
3276
4471
2117
1981
4182
835
4430
2801
98
4953
682
3481
2283
4274
3447
1405
1353
2179
2132
2684
4135
3729
3538
655
1241
4815
1587
3638
4458
3550
1833
3274
4885
4325
1034
3658
4946
3721
3098
2234
4587
1022
4913
1937
1383
1359
4887
33
1119
3154
3590
2157
1784
143
4695
4118
400
611
1055
2062
4468
4384
4371
2737
2977
1039
2577
1496
1090
2265
2785
1952
1130
138
4613
1235
2906
3103
2813
670
4309
1497
1717
2610
3065
395
2187
2622
4433
625
2955
2301
4465
657
4838
2900
4522
4134
3699
687
3535
202
1012
4197
3879
3036
4692
2065
1819
4403
3495
4922
2682
2354
4811
3421
1348
428
1462
1945
3668
4297
3856
2843
2713
3626
2122
1900
1606
3841
735
1488
1401
2293
1690
3816
4337
3397
1144
178
3524
3946
135
4150
887
506
3944
1261
2039
514
2665
4846
3552
3476
3637
2241
52
1106
968
4319
3134
2265
30
4753
848
3785
3963
3176
1897
1236
2736
1389
2691
909
2861
3395
924
3148
1266
633
4283
1951
3403
2764
4118
186
2723
1341
4986
4170
1887
1191
4202
1150
1774
4171
4003
2023
600
1095
3304
50
4317
2652
2729
2724
959
215
2145
4342
2243
4411
960
2056
2140
1893
1590
554
4848
2664
3058
2145
1247
530
3954
2415
3401
3495
1731
1535
1832
604
420
1903
1278
3214
3550
3918
1183
3084
1790
3328
4578
530
3150
1408
340
2104
3472
3653
4830
4955
3549
3688
649
4034
2726
2621
1727
2611
3633
3944
2051
3415
2461
4034
4555
691
1033
1740
1677
1921
2218
3987
360
4758
1740
1605
860
4717
3460
4891
2493
4164
1707
175
2548
3150
4901
199
3574
937
3578
3595
345
992
1533
1628
1165
4995
2564
1693
815
4165
911
2607
1684
3463
3588
3039
1251
804
2065
3154
1507
2469
4284
4005
168
237
520
3758
1312
1255
4177
4159
4963
1247
2090
3436
3666
4406
2029
3610
599
402
4931
4579
1726
3077
4284
1591
994
2885
2689
901
3322
3716
2304
1906
3125
177
4207
1545
1157
1951
4005
2029
3848
3540
4246
1691
2396
36
2053
43
2724
3735
4767
3239
1438
3401
3157
2469
960
4928
3850
1298
466
1283
4990
560
2428
993
4010
4217
1563
3704
3141
2924
4641
1447
2159
2192
3771
830
1228
2871
1351
948
4955
1565
85
2065
1039
1368
21
117
4189
4386
3241
4681
3071
3740
2085
3229
4793
2070
372
3329
3170
2517
3604
528
1182
4220
286
794
2417
4462
2031
3041
3454
4938
778
3998
2497
2240
2905
3085
4698
2076
265
2950
1547
177
4726
1109
1539
39
431
2172
4412
3575
2236
2256
714
622
2213
2305
2222
3209
2244
2462
577
2849
3869
2496
3605
3367
2341
3214
1488
1993
1233
1266
850
157
449
305
4890
469
133
4944
3155
1587
3958
2853
3581
2727
2600
2804
977
3528
4166
875
1221
496
3559
1456
1401
747
4680
801
793
328
850
4869
1220
2760
741
4009
2300
343
1181
1957
2727
3601
3588
2760
4957
431
1112
3097
523
3626
1902
4696
3704
4415
1823
4836
2198
4172
3738
3127
1731
1754
435
1831
1096
2555
2322
789
4650
1822
1895
3587
4655
4920
637
1098
1835
4341
2420
1290
3668
4968
4251
3485
3162
1855
4485
1662
1044
2227
2492
1686
3007
2278
1316
3056
424
134
3305
4502
4635
3937
2299
810
4741
4105
2081
1201
167
4170
2276
1085
2492
41
3638
4323
389
3632
2378
2093
1186
3983
845
2192
1213
3085
365
584
2882
416
3729
4914
2841
361
4034
1898
1983
4043
3521
3391
2185
4805
4745
1788
2274
126
485
200
760
4041
4645
1352
682
73
1165
4035
292
2767
1071
447
3655
505
1099
3778
4970
2173
4283
4027
189
343
788
4434
3544
3543
1130
534
3104
1991
1610
3862
306
1483
4278
1961
786
4385
4445
3593
2078
4555
4161
3117
1662
2371
1541
4295
1847
630
3543
1134
833
2404
3338
2548
4486
1784
4887
1754
2732
3963
2989
1731
4644
1765
1510
3111
4259
1830
4140
1457
2985
786
4212
826
2329
164
1417
3879
1648
3860
2852
3825
2962
651
859
2932
905
3871
1712
1554
1487
2626
828
2217
4510
336
3188
754
2597
577
3402
4667
86
43
3574
4175
2046
2900
4015
1932
2669
2398
1564
1701
3287
4300
2200
2234
514
1020
614
29
2361
2822
2729
174
759
51
1168
4210
3800
353
1775
1710
2805
3943
681
1594
1478
2316
1245
3764
3862
885
1807
1035
561
286
368
1318
1681
4088
1680
3411
2617
948
3219
4676
2137
3943
618
631
4604
1375
3500
3596
686
349
1741
4349
1721
1171
253
4441
3226
2440
2323
4857
4504
4874
836
2496
2357
1875
2775
764
3793
4431
1523
1242
4738
3612
555
1
2712
419
2513
1708
2856
694
4040
1534
4215
3251
2342
474
2186
4288
1330
105
4108
2583
467
2296
3920
2284
74
1216
623
3412
3792
2375
2011
1905
2
136
2869
2516
1372
2718
4101
2122
3180
615
296
1129
1281
2591
1750
524
1428
1010
4332
3958
1357
4230
1792
3396
833
31
2116
2366
874
4261
292
239
1296
4452
787
3186
3407
4211
2091
3648
4768
815
571
1175
1693
200
814
421
223
2403
3874
30
4226
490
4822
2394
2316
2002
3248
4019
2242
2835
1037
2973
83
4197
914
46
2801
2985
779
1696
493
797
2690
4709
1202
229
3394
3427
3637
1414
700
1696
2259
2484
1442
2175
636
287
498
4355
2599
2713
3054
1340
325
3451
1433
664
1202
2825
844
1796
890
3219
1963
2379
1592
2750
857
861
901
1842
3747
1499
2799
3604
203
4739
4680
879
1852
920
3577
2727
270
1747
1526
1895
4802
4167
4419
3963
1480
185
3735
1872
3510
855
1040
2587
1925
916
2328
1479
687
2385
655
3691
4779
4493
2184
2603
3492
1743
3200
3693
4502
243
1501
3735
4443
708
2955
3080
837
2210
2885
1148
653
68
721
1548
972
1959
2701
2021
695
4479
4257
4031
1728
3253
357
4345
1411
1418
1957
2339
4382
2516
3610
4853
2517
1463
4242
3838
1117
3389
506
4967
3215
968
2668
4585
1959
2535
3956
2460
2221
1703
4503
2898
2195
2476
3558
3899
2033
2257
4495
2378
1966
1125
1757
655
456
3630
4873
4119
174
3882
2081
3385
2523
3299
1912
1402
4501
2523
3037
2388
4143
2305
1985
2242
212
1026
619
3047
1054
900
158
2272
1662
4342
1463
4919
3428
4900
3903
2713
3216
3490
3095
1522
874
63
4341
920
2800
2516
2433
1997
2382
1716
1453
1001
4931
4639
1989
247
2905
4474
219
1398
2461
1777
2718
3716
4800
2287
4548
934
573
4421
2886
98
4836
2513
1075
3505
3406
4441
711
1543
1058
2465
1821
4557
2856
4225
891
3482
756
3899
109
1117
4012
3747
2133
1485
4981
3296
1953
3772
4924
3522
4101
2666
4713
3468
163
974
1296
3171
1984
1883
4099
2568
4465
3048
610
3107
3861
1335
2045
1120
4957
3699
3315
4143
1321
500
347
4222
421
2669
4604
49
2164
72
1776
1765
3812
2664
494
3218
3674
3935
864
3832
4919
4753
2706
3707
212
760
2413
1337
1817
4474
2490
330
748
864
1546
1850
4488
1584
4766
132
812
2069
3803
1735
1158
517
1216
3733
983
1988
4451
1321
649
2704
3240
3625
871
1004
4003
3541
2443
1376
3777
1015
3653
3281
4658
2291
83
4853
3986
609
4324
3474
2840
1496
1034
2303
494
1277
2959
395
2762
1124
1582
4149
4196
2870
1238
4147
3233
4981
2210
2631
1767
2844
4357
751
571
2146
61
2100
2655
1888
828
3629
1368
192
4199
3397
479
2049
1424
4106
4134
889
1271
2784
2677
1090
3865
3405
4717
1696
4495
142
1710
4337
2187
4642
1140
4038
1974
1093
1823
2322
1229
1320
1675
760
573
2231
3444
1890
3748
371
1174
3215
731
3753
3141
340
777
4290
2345
2983
4065
2260
2900
1424
3087
4154
4190
4384
2534
4888
4888
2670
4206
1554
1480
1624
4772
2612
2317
4047
1147
340
2460
567
2906
1416
2930
1781
2845
2378
3739
1929
2616
2091
826
1902
3009
4087
1817
88
918
4685
4835
2797
2287
1010
545
2767
3341
3638
4074
4177
2611
2463
838
2592
4900
4885
3973
4516
1486
2150
2491
4879
1541
882
2792
1518
3986
1537
4853
2381
461
3668
3072
3279
3545
1434
4596
1894
2519
2548
4115
2576
446
251
126
3267
4050
4184
3854
2290
3658
380
1467
1969
1391
169
3989
2885
825
1969
2866
216
891
1469
3359
1027
1595
1865
866
3804
4939
1334
191
4179
4731
3352
642
2592
3547
1321
2509
719
2403
3909
2266
1590
2414
2400
4730
1030
2182
3677
4159
4104
2705
241
1272
3130
3365
247
2555
3250
2928
3436
176
4099
4395
3710
1442
3822
1815
1985
2225
1130
769
2946
2991
3159
1786
1471
448
615
1722
22
1309
2814
1718
2510
1346
4083
4095
1284
2135
4312
1278
3742
1524
1551
3909
1637
3088
3469
1439
4382
3180
1188
1186
529
4947
2115
844
1567
1157
944
1956
501
92
1137
2283
558
4398
255
1802
3584
813
1557
637
1893
2348
3696
521
2509
4875
4606
4698
4866
2900
964
560
4764
3710
459
3387
2246
2529
3730
3172
4137
3324
4890
4606
3647
1900
958
3349
283
766
1113
2422
3439
3111
4565
2559
1766
2066
1329
264
2307
4034
2938
1875
4889
1360
142
4607
53
358
861
3971
3321
4253
913
1361
1955
444
1839
3377
653
3442
1829
3904
917
4399
599
1664
3752
4198
453
2042
1491
2117
4768
1961
2442
944
2445
4929
1284
2251
3328
1264
3279
934
2069
1612
408
1742
1490
2069
1798
4025
1881
4819
1080
1914
109
19
2339
2311
891
327
4184
2271
3212
2660
4022
2015
4671
632
380
4239
4532
4739
2066
1857
14
2421
384
2089
913
689
350
1435
2700
4600
2126
1481
4352
353
1999
644
4275
2343
4140
270
2438
4123
2364
2862
2381
996
2067
1939
3048
701
569
2548
1893
4478
1938
1207
2441
3813
4078
560
1207
1302
4241
1276
1456
3704
37
2711
1028
2779
3790
3707
1791
4815
3038
3275
4391
1694
4219
3855
4325
4925
2510
4504
1410
398
2645
2862
1356
1026
1348
3327
882
3213
1287
2363
1956
1659
2123
758
2598
2714
2014
830
2487
1511
1139
4014
1076
325
1690
842
1218
4803
4976
724
4989
2494
995
4247
3114
3527
57
2633
3996
14
4114
390
1029
2415
3458
770
1458
692
4676
7
381
3763
3435
2881
3301
4185
1322
3878
3992
1039
2351
178
1148
2773
2459
4905
4507
2524
2006
2878
541
1616
2248
1660
722
878
379
235
3872
3881
4623
1958
4273
2203
3454
338
1257
2499
3634
4057
2015
1578
2387
1104
1130
4635
1725
1734
270
306
3521
1662
2070
4323
2739
2062
1564
1335
2053
377
3823
218
618
4754
2069
776
3092
4427
89
3650
3362
2596
3134
979
2900
479
4965
1712
4393
4516
2011
1936
2068
3625
3391
3600
778
3140
4882
3082
2711
1156
4624
726
3402
4356
4078
1201
4846
1386
1501
718
4458
831
998
1579
4538
3479
941
3493
1351
2620
3747
3558
4638
2142
3103
2374
3541
1022
2717
4263
1651
4035
74
1662
2936
4612
791
1279
1274
1191
3756
4248
89
2450
2734
4025
3550
2856
3908
2465
4400
1070
4134
4629
4358
1558
831
501
2956
1956
1749
799
2072
4215
534
1209
628
1186
4030
2121
537
324
2302
2870
2641
1261
2343
4509
4014
4026
4199
4741
4554
2242
2003
2380
1654
2721
1686
1997
1863
77
529
4154
4470
632
4084
1711
4870
398
4099
2079
859
3999
220
3755
3177
1191
696
3071
611
1676
945
1663
2046
864
827
2891
853
751
2341
575
2318
1875
2786
1870
2172
958
3131
208
2735
919
2639
1657
3833
1706
6
2156
2514
4057
3842
1992
3086
1999
4295
3737
3557
2319
3181
4482
275
1200
492
4642
3361
1188
1887
2037
3572
4905
3339
2901
3277
1543
1466
832
3345
1131
1251
1331
146
4027
2469
2399
1781
4923
2660
2859
517
3808
2354
4322
2144
3891
4322
1231
2712
2513
841
1054
965
2616
861
685
4769
3948
4267
3427
4421
1467
1804
3159
4786
2621
4672
964
2106
1344
3238
3923
3039
3187
2969
658
1516
690
3575
2604
2844
4929
63
866
3943
740
1177
4152
1396
1631
443
3810
1611
3409
536
4752
4898
4247
3187
2672
2835
1430
1485
2683
4916
664
364
3979
2975
3355
1252
188
4907
406
4610
1727
2163
198
3022
287
2629
3744
193
4662
605
1391
1808
4615
4323
2896
3160
282
42
4084
4418
123
227
1567
1744
851
10
1223
4145
2332
1502
494
4713
4439
879
643
621
769
1083
4558
4966
1437
2154
1347
2076
947
4955
3753
1604
2634
3702
4180
1773
1385
3427
1343
1191
1693
1171
4062
1765
4318
2750
170
1941
882
3716
2702
4758
1974
1360
698
2545
1210
2610
182
4979
1108
4067
514
714
1880
551
860
2613
1311
4262
2793
2961
1926
2843
1447
721
3889
1913
3458
1342
2943
4362
3502
2240
4438
43
1677
891
522
620
4072
4021
2691
4220
835
87
717
693
4773
3723
1133
619
4373
3717
2520
1474
619
3109
2413
4241
574
4299
1358
1570
1674
899
626
2396
3821
2068
303
970
2393
428
1375
1117
1956
662
2384
4831
1998
3446
4545
2906
1355
1996
522
1881
3627
2048
955
1964
782
2373
175
2458
1819
1288
4930
2898
1882
1619
3720
739
3793
3677
1376
2981
700
1853
666
967
3425
3383
4405
211
4667
3741
4060
1710
3485
3914
3041
996
1769
3995
683
1980
2809
3823
4204
3015
198
1425
2790
3143
655
347
4999
3950
2317
4412
962
1004
372
3925
1032
3070
4820
4537
1271
1443
4177
1644
1362
2000
3040
3310
3553
150
4484
1639
1698
2890
3759
3005
72
3158
4636
4195
2547
2375
3869
2037
912
3607
1736
1489
1139
4003
2984
2912
834
1623
1729
3662
2763
3784
4755
261
4465
2586
419
1129
2587
1884
4375
824
902
2433
2824
1080
2948
1360
309
2525
4236
806
1309
2979
3364
1978
2677
3729
813
1161
363
4951
3790
444
4426
1041
2411
2735
3464
244
4512
1339
1740
1217
2232
4374
4347
2344
2595
2689
2245
1623
199
3002
4923
1858
3813
2947
2004
2029
3744
1803
809
984
2914
1452
1917
946
4696
4645
201
193
1503
1816
671
697
3255
1294
4301
3123
2574
2362
4332
4176
4144
123
2682
2079
2750
1542
2493
259
1012
2588
3065
3792
536
4336
515
4375
4168
195
3183
976
58
2019
3871
2111
4242
2265
2053
4043
4832
2827
4652
2979
1960
466
121
1921
4598
4380
2487
508
1777
3692
332
896
4519
4768
4790
4209
1985
3563
4234
3080
3065
940
3630
1252
1545
264
2405
53
2078
3516
3099
4926
4541
157
2049
153
1245
1755
988
2271
1277
3123
2313
3607
3583
2636
500
2431
2621
596
3377
1321
874
1252
2354
4088
4293
3329
4963
1060
650
309
2994
2089
4937
926
2010
3798
3739
1484
4346
4149
3066
1185
218
4262
1680
2580
2990
3434
1091
3366
446
469
767
4841
340
2922
2157
2334
2536
1829
1579
3302
4473
3949
2900
1795
52
1441
2825
4528
1266
453
3471
1550
1757
3453
4691
152
2723
1249
2956
3385
2935
2385
1416
2277
236
3003
889
3213
2203
4315
593
4039
559
4090
4796
2926
4959
2154
3406
1597
1108
1832
2133
722
2843
563
423
2889
3053
2317
2622
1693
3149
1656
3955
1646
4810
3682
4554
272
2014
4796
2045
1049
2166
1807
4771
1773
4250
4336
2314
4853
47
2414
4770
3037
3660
1001
844
2541
4146
2717
1739
4931
1592
1655
3682
4718
4717
24
2223
646
1519
576
3286
1538
4788
4965
3048
1394
1951
1339
1078
2903
4917
2126
2112
663
3128
1198
2619
77
1827
938
3571
2569
808
1785
1125
1940
2431
3428
4584
4303
1775
4448
3060
2468
1810
4907
396
444
3052
845
3152
4106
4900
2145
3735
1369
1670
843
1571
2378
4808
108
4157
1912
1004
236
4898
1280
3846
3239
2334
1274
2038
2996
4808
4477
1200
2082
3126
2643
1818
1555
3923
504
4301
4446
4758
2985
680
3415
3756
1610
3617
762
81
865
4966
688
1619
1617
1675
2905
2247
4961
3604
1595
3361
4655
2117
4345
862
2311
3481
4896
700
584
2544
1718
3077
3944
820
651
1087
855
4438
309
1239
162
3676
614
4831
3817
2054
1585
3878
1595
969
1110
1015
2608
2235
1425
3773
3832
2544
3850
4957
4818
1941
4056
436
511
955
3079
707
2408
806
1868
3608
3373
4087
1278
1703
2959
2934
2008
624
2472
3436
3964
4763
1090
952
3762
3105
2726
1712
2961
629
2894
3851
2893
4124
4548
1989
4482
1688
13
3610
2128
939
1896
2958
1663
2402
571
157
381
895
4488
206
838
2988
4836
1181
363
653
1273
2962
1726
3581
3180
828
373
1435
753
3025
2437
2263
2165
1626
720
296
2733
2483
82
720
2397
4681
4249
1946
2372
3055
667
3770
3334
4794
3717
3750
657
4772
1201
3300
3796
6
511
4052
1117
209
543
2591
1042
3750
1917
2056
2947
4124
334
681
3398
2587
1331
1041
1450
4727
3948
2118
4216
2711
2647
278
2126
3822
3465
2274
1542
3642
1963
892
3768
115
2889
4760
803
3998
167
2137
201
851
2780
2166
4980
75
3988
2061
2115
3934
1665
4966
4866
1508
1154
4732
4761
1066
1622
2151
203
4111
795
1957
1897
1360
122
3322
1520
969
3485
2006
2761
1062
3268
822
2768
2929
1988
3893
359
891
3593
1181
4116
112
2877
1080
2704
3958
4802
972
2241
3911
2708
2790
4298
1296
1147
1454
3017
3921
1136
1972
1186
733
3669
3153
1602
4820
2506
970
7
2320
533
1552
14
2572
1633
2139
1236
3156
387
2008
4337
2888
3585
16
4826
3243
3659
331
4334
1692
3719
125
2172
1274
2416
3128
539
77
1822
1570
481
1443
4308
1569
4824
288
2574
4036
2934
1354
1785
2155
692
3780
1175
3034
2937
2024
3611
4754
960
3779
2011
96
1943
3363
3428
1642
81
2076
4161
4519
1271
4684
4999
3647
2258
3084
3795
3443
972
1680
1733
1310
880
1673
2873
4556
919
1737
2979
1449
4829
4261
891
3830
627
882
4417
1519
4950
2617
619
3649
4695
2741
4245
1594
245
2064
3568
345
1360
4840
150
760
4231
1775
1245
606
1660
1908
4762
2378
4862
2340
952
1581
648
2517
1353
2512
4080
316
235
4406
3675
45
4175
2219
3695
2291
3734
4733
705
4201
4053
3185
2055
4416
3500
521
345
1338
753
357
1428
102
1889
1920
4494
157
3994
1300
2857
4981
618
2784
1730
2531
2940
417
665
110
4613
983
2910
2402
946
1498
1578
43
1485
4180
1060
866
999
1200
4109
4756
3575
1188
3022
4425
