490 6874
3827
900
1924
728
2557
1603
1621
4917
1466
4339
4494
3476
751
3806
365
3817
3297
3978
4548
2520
1129
1643
3042
3443
722
1315
2329
3277
2034
1999
4960
4279
120
780
4585
1722
2229
4594
1253
2583
494
4887
1079
3444
3281
4207
1735
1912
3357
4779
3400
3089
4967
3471
3763
2811
810
1249
197
2771
319
518
4215
2533
4238
175
3117
787
4132
3269
3849
1847
4957
664
4600
979
1819
3662
237
4023
2799
1442
2637
2499
584
4515
3179
3758
4954
2728
3989
2814
2537
3104
2431
2656
2206
4742
4278
746
1289
3444
4615
815
1504
2151
4489
3211
1030
1372
1464
2191
391
3626
2556
4752
4707
2248
4298
1523
4466
2240
4129
860
2903
1460
2688
2975
3304
2063
2437
1774
4132
2016
3825
3557
3342
147
3858
1226
217
2080
4913
496
925
4608
974
3430
4241
221
2960
1780
4449
1505
4721
2254
3042
2834
362
20
603
1652
2787
864
503
3656
2349
649
1936
1220
571
2392
3862
3306
4606
3450
2448
2366
1081
6
2962
1994
2301
2239
2727
868
4086
227
289
1090
893
2357
2664
2717
3126
1200
2879
1884
1661
1405
4773
2794
3941
271
3314
1419
705
2605
2336
2339
4127
1072
4285
2743
1593
1581
1454
904
2526
2597
2781
4565
857
1219
4606
3624
3776
550
3383
2461
3295
1640
366
294
1958
2469
2335
3330
2897
2712
686
823
1734
571
1802
2653
172
4990
3267
1349
1258
2834
2134
3210
1894
2646
4806
4671
1504
1801
1540
530
1621
905
1018
535
4600
20
2093
1495
4774
2797
1386
2650
280
337
978
755
207
3618
1833
3332
1251
1763
4067
2522
708
1414
4895
3617
61
195
4289
1243
4374
4721
4523
2261
1057
1306
627
3915
4455
618
2115
2973
3124
1784
2453
3322
1696
656
141
3212
4919
2024
1708
3540
140
498
298
2383
1345
3858
3204
2528
1586
648
230
1145
4739
4296
1154
4669
3430
2672
1042
4944
4538
1985
1506
472
3008
2498
3370
4277
1664
217
3362
80
2556
4915
231
4280
4771
1039
2269
3930
1657
4446
3517
2554
500
2613
4298
3381
3250
4726
126
3105
3546
2596
290
3407
2040
4270
3790
3440
4029
1990
1437
342
1461
3418
2165
2852
3971
4570
4573
2769
819
3379
2480
1016
2414
2235
4786
2987
3835
2982
2352
2234
83
929
3901
567
590
3141
4161
2844
2613
878
3516
1999
424
2957
1829
3572
3489
2938
3916
1907
2600
1214
4542
3524
3232
4256
2522
1968
169
3446
3959
2962
1607
3879
1537
2006
2220
1711
1036
1561
3394
538
1824
1570
844
2524
3742
3302
2621
1985
3201
290
1664
3224
2616
3461
993
4893
2051
2115
68
2559
516
1154
1486
3463
2577
2790
2160
2387
4223
56
4867
2514
3225
3887
1952
2081
1217
1373
2111
4901
509
2405
2739
113
3942
3907
