356 4259
880
4931
88
4782
2444
4872
253
4084
4500
289
629
3480
3017
3588
2124
538
2007
1991
1688
2008
4654
3998
3805
2117
3939
326
2754
4579
2686
219
16
4158
4733
215
1604
249
5000
4940
3546
3045
2222
4948
844
2150
1129
639
2140
4305
4534
2645
3543
2739
3112
3508
1802
2244
3932
4260
1345
2292
2239
633
2501
1228
1911
2161
4998
2344
880
415
4578
3515
2305
3559
4501
236
182
171
4337
3727
1263
581
2815
3423
3480
3677
2575
411
786
1358
373
3375
3802
804
4437
4861
4664
521
2511
4235
467
4945
598
1406
204
1249
478
4823
944
2535
316
4429
4049
3958
3219
4420
3407
289
804
2380
947
3771
1573
1885
2325
1836
2933
1913
4455
4631
4327
2938
1441
3145
2645
4559
54
4964
63
3009
2551
4589
2701
3962
1198
1058
337
3864
606
2328
1120
3071
4545
3772
3018
725
58
3569
3895
97
3660
3946
4197
1014
1546
3904
2248
509
745
70
3650
201
3667
1923
2907
1271
2462
2511
2161
3741
3924
282
2483
2098
923
1521
723
575
3152
115
3715
660
2175
3579
4354
1566
4663
2078
263
952
4844
3752
2340
2352
4092
1634
606
3299
4575
2374
4092
3275
3968
1678
4879
1007
3641
2298
345
3196
2286
1017
3113
171
3577
2690
597
1011
4734
4563
3033
2280
4135
1082
1343
4260
1459
1785
4263
2846
2954
983
1170
1072
252
1709
1009
1037
475
431
4412
355
3742
3396
528
965
2888
1631
4439
1308
768
3687
2926
46
4618
2251
3275
735
694
1946
2830
2944
2767
2098
3074
2982
2351
3144
2908
4821
2881
1975
2859
3204
2167
2036
3192
4002
2117
4802
4264
3265
141
3281
3335
2265
4277
4805
928
433
2862
955
1818
786
2862
2367
4661
932
2137
1412
3094
4686
2067
1500
3567
2367
4505
993
4898
2706
2488
26
863
4930
294
4218
4212
578
2008
1942
1197
2016
4092
854
2228
491
4072
2485
4890
163
2618
3988
647
2656
689
4764
2983
2317
1068
3595
4390
1894
3906
2481
1900
432
