736 2757
4905
1111
2481
1605
155
2323
3779
2748
1704
4500
1228
2536
4377
3294
3776
2763
635
3887
2415
1700
1015
922
2466
3006
3657
1857
4706
3239
1101
2195
3826
2003
3009
535
3934
1954
3943
1360
4596
2527
2209
481
881
3283
1658
331
999
626
738
292
1766
3444
1338
1498
1929
358
3761
2617
370
3762
4470
1865
1001
1468
3935
3107
2793
703
3986
117
251
168
2626
4005
534
1696
4021
4578
1991
1072
4907
2977
4606
3360
1313
1775
698
104
662
4362
2878
2211
2085
2581
1451
4625
2781
1731
4608
1620
1014
675
3856
1133
293
4557
4915
2943
2457
3485
903
3676
2607
3973
1336
1208
3155
4456
3853
1355
1912
4860
957
3362
3882
4959
450
1616
1146
4798
1862
4385
4801
826
763
3183
744
4883
1751
873
848
1369
4663
3616
4806
801
2051
2660
2505
4117
323
3823
2103
1832
3032
2904
4916
2560
1582
4882
2133
1725
4496
1198
780
232
173
2983
1557
983
2394
3548
2656
2729
744
3363
1208
2005
3775
372
4587
3280
1810
2820
3491
94
3917
1275
365
3048
4509
2464
2047
2951
3848
2939
1735
432
1829
3955
3506
3185
660
481
4235
1699
4928
3757
788
2688
2156
3984
4745
3566
1101
954
3675
4949
894
364
2219
4262
3369
232
1464
2709
949
1936
1106
1440
1019
3429
4408
1768
2294
3705
4823
2055
1314
702
723
1210
3611
1280
3443
4010
985
1433
2384
4958
403
1276
1431
1451
4450
4124
2464
718
1527
2501
1381
4073
1344
3795
3046
4108
1663
627
476
4982
4539
3470
4693
4189
411
2565
4033
1050
872
3601
4690
2472
810
1026
3001
3966
1278
3979
862
1027
2703
395
703
2626
4715
4743
4174
302
3903
1174
676
1304
325
3630
650
2030
60
4589
4450
766
177
3562
1097
1404
2949
1917
2048
4104
695
3628
675
2635
1292
3360
106
2732
3588
4864
1814
2006
2775
1724
4486
4252
4399
3348
4746
3400
3687
2786
2751
4415
4396
1324
1381
617
1812
2167
4349
1032
3389
809
2960
1639
1574
54
204
198
1499
2278
3727
1363
3965
2868
1089
4466
3569
393
4637
752
419
106
2648
2357
4570
3656
3517
3304
1013
1975
3033
1327
54
3321
275
4623
1454
1651
4501
1009
4225
704
1409
2078
628
3877
2022
1692
3492
366
2250
337
3008
2647
2437
127
50
1228
2523
3145
2706
221
810
1741
4700
4564
612
1426
1299
241
1087
2484
1926
5000
628
574
2305
3777
2245
3616
4295
1697
2714
3353
1135
1255
533
2902
732
4778
1613
3147
2130
2768
3280
2593
2414
234
4005
681
3405
2663
3705
2656
2536
1781
2583
372
3238
271
765
2566
4954
116
2661
3096
4711
996
2706
3265
2057
2872
3812
3502
2526
4698
1701
452
1061
2163
1452
4811
4229
4436
682
3661
4001
1031
516
2711
2362
279
2248
2743
526
3021
763
1119
40
3381
3146
673
3312
4144
4808
2036
221
2538
4143
453
4583
4479
3226
4497
2690
298
3771
42
880
1102
1401
2624
6
473
3708
1290
1074
2342
588
4462
2587
1370
94
2525
1561
3360
96
986
2847
2033
1568
677
4703
4678
2800
3675
1332
4200
1004
3752
3277
2643
951
3399
1729
669
50
4457
4974
69
1047
1724
279
2138
2446
3094
1645
2586
2838
4691
588
909
2286
3843
4218
320
683
72
2931
2078
4373
4150
4073
1364
846
2651
3947
436
3530
3665
4451
2100
1485
2530
740
2079
1450
3524
19
2253
1536
741
2165
39
266
2312
1474
1798
590
208
2192
780
2149
237
2227
4650
2573
181
3844
788
1524
2212
1736
1626
2750
4759
218
2336
4009
670
915
2321
4591
2752
2153
583
3523
3083
3126
2870
503
1092
210
1906
3798
116
2244
3878
286
2884
4461
2494
3760
1338
2373
1903
4426
2316
2426
4429
1076
4956
1342
1654
211
2597
2592
1846
1267
1101
3606
4593
1608
3524
2778
3504
598
372
4170
1558
175
913
1301
1698
2853
1386
218
2323
369
2897
3003
2399
2027
288
2155
1412
2571
940
219
3418
2288
2646
1195
1392
4895
1559
3151
70
1718
3924
1903
3035
2169
443
1796
2065
1540
2877
2440
4574
2634
2453
4518
4500
3590
4671
1986
3355
1817
1700
2625
3036
499
4173
1948
2753
