9557 3314
3209
316
1446
1102
2115
1486
4932
3139
307
4241
2141
435
4518
3712
2551
2960
1465
2669
2613
2988
547
2075
2899
2590
938
421
4396
2315
233
3766
753
2392
2296
2707
1421
175
4252
2918
863
4993
353
2020
400
2163
4709
2089
2414
2419
270
3058
528
3597
3095
2764
3434
2345
4375
1739
899
2807
3731
2350
3453
3958
1685
1081
1173
753
3844
1170
1636
2484
2918
3945
1109
4733
4580
3193
1560
2622
2053
3804
4422
3426
429
142
3078
726
2383
2912
4279
1562
2897
4256
3055
3128
1807
2335
348
2620
266
684
4353
884
3147
2775
251
2763
1779
2808
4757
848
4324
1721
3736
2348
1661
3369
223
2980
802
771
3394
1364
4803
3070
2000
2381
2790
1510
411
735
2367
963
3159
3723
879
4952
2860
2738
3962
2319
1044
938
2061
611
798
2107
1448
2830
4764
3684
705
1900
4986
2940
993
207
928
1917
4459
628
4018
1395
610
4879
3702
550
2346
1667
4622
3556
402
940
966
4988
4400
720
2520
4622
525
579
2030
134
4555
3794
3688
1122
2396
3219
1983
730
3029
931
641
3840
3235
368
4830
2480
3476
24
3578
4289
378
3489
1036
1117
2939
4282
3701
3686
173
3201
4926
1185
3976
1471
3716
3151
2179
1418
1581
3297
4412
2874
4871
4717
4563
3198
1894
3343
2662
1879
655
3113
4250
2076
2036
3469
2904
4440
1495
498
4982
649
4553
1718
824
858
2173
3675
2359
2484
2105
661
4217
2824
4189
4778
1688
4737
2288
3531
2455
536
4135
3379
2387
2719
182
2213
4751
1857
940
3667
4554
706
2986
4868
1116
2099
1285
2517
2727
2465
1908
2652
2211
2439
1196
4952
21
4185
1066
1693
1800
747
4648
3079
4540
960
4268
3541
326
879
4429
4208
104
1755
1568
4796
2259
2858
2858
3070
1923
4705
1382
1822
90
1518
3074
3575
1047
806
325
269
2104
4248
715
2614
2701
2945
748
1900
3943
2297
4474
2242
2857
1710
914
4453
1894
1176
4357
4973
827
3148
1887
2284
1478
4613
4895
854
4032
5000
897
4954
4471
4223
976
4256
4943
417
3120
1067
3537
1655
1475
3065
652
2386
4305
48
1820
2611
2830
1435
1936
4571
1287
1406
232
2724
4621
2174
3783
1695
2349
4700
4165
304
4191
3220
4880
2952
3614
4769
2813
409
2647
2148
801
2895
2597
1044
765
3636
3748
840
521
812
645
347
3295
3299
2026
4790
3956
1956
2987
2789
611
1875
3703
1059
4443
189
3199
3295
3561
1999
863
1299
2233
2948
2078
1234
2153
1011
1633
1747
2398
2616
835
755
612
3538
3079
1135
3216
4141
3153
218
696
4233
3514
2268
3869
138
1578
724
2808
1849
4115
272
4419
91
3308
2130
3033
1873
1659
4588
1696
2488
3159
3608
1286
3785
28
2745
1842
4980
856
2318
468
4656
4974
3752
3944
870
4961
1626
1735
1295
2747
1224
4607
4699
2814
1803
3452
876
1355
1668
1390
4066
962
2599
1349
1905
3545
1867
4586
1263
1144
1599
2904
4642
1788
4287
995
3289
522
1590
3992
4194
4991
3190
3893
516
4166
1582
2082
3590
1137
1003
3928
3288
787
219
993
2208
1654
2086
585
2616
2800
3205
675
2133
548
4520
2431
3900
4710
538
1850
2544
3663
2072
1150
815
1362
1050
596
3101
1005
4713
1143
2225
1220
514
643
455
266
2697
1214
2030
1114
2233
613
4291
198
3579
1202
4805
2709
574
45
866
4466
2254
793
2234
2675
1352
3753
3411
1615
4556
2106
2476
1275
2484
1578
3855
2111
1565
1697
2560
4572
4803
2015
259
337
4161
807
3173
3439
897
242
2361
3225
3921
1087
4782
112
1887
4313
2735
3206
2471
2505
1779
2545
2226
846
4366
3339
33
2803
2328
3703
1362
2800
92
4614
4138
819
4004
4555
3964
3800
4443
3116
737
302
227
4955
3080
4197
4041
3907
2800
3037
165
3750
3556
3584
2630
1918
782
3610
2821
2771
2311
1120
3600
2869
1557
824
131
219
2718
703
978
2435
469
24
4242
1682
1379
4483
1208
4198
3991
477
1034
1722
4081
159
3501
4242
4435
3209
1127
4240
2377
4288
2038
1758
3571
2021
2752
3325
2200
3936
581
133
1062
3453
2561
1278
1487
3718
102
2447
4669
4377
618
957
202
635
3285
3518
3489
69
3862
2614
4545
3774
3110
3057
2507
618
3133
506
4634
2338
2779
4212
2331
491
986
3999
4669
1835
802
4374
3634
3137
213
2454
3806
3701
805
841
2848
2136
1546
596
2823
749
1504
4197
3102
3904
368
4898
4339
517
1854
1094
1501
3196
1451
533
2676
3468
4836
3050
1021
166
1715
3718
574
1044
260
2428
2055
1737
1459
699
4474
3842
1124
4428
4196
4710
1387
3372
1124
1170
765
4556
435
3096
2654
1375
3821
712
180
2204
4911
2719
4852
1525
4977
2440
3372
4615
3063
673
2553
331
3322
311
1786
3652
2572
1412
1484
4306
3588
2223
4456
2958
1174
565
4962
2455
1903
4288
2331
148
3023
829
4952
315
1976
1201
3308
1090
2463
126
3308
2244
3680
2107
826
1894
4655
3466
1021
4810
820
3535
1551
852
2630
2061
502
1739
1747
2378
2159
3082
4950
2838
2408
2104
323
960
1916
660
4256
1290
2805
1853
884
3646
1493
994
972
3105
421
2965
1235
1887
426
1301
1122
1279
308
932
4736
4560
3057
1790
996
404
3210
2107
4793
3884
1332
23
4849
901
2954
1616
1829
2969
1785
3447
2764
3641
3476
1123
970
457
3137
4098
378
764
4939
4938
511
3410
4865
479
32
2959
1184
1509
1187
2998
1300
3225
4755
2309
3501
2187
1668
579
1151
4639
3142
1696
1810
2604
488
420
956
3083
1000
1371
3323
3468
4200
2358
1640
2943
1643
3781
752
1303
3560
1021
1852
4435
2429
3340
2556
4031
1040
1677
2720
4536
4859
3904
2111
2767
206
1576
4371
2216
3761
3964
2220
1668
258
70
3884
2556
4516
1696
3636
678
2529
3137
1701
2405
3200
1202
529
2508
4914
2853
2138
3227
3074
2976
4435
2405
404
3422
3086
3345
1312
1023
1222
1184
1398
1602
3551
3887
2515
536
2690
2565
4197
3154
1541
2078
2572
341
3426
3322
3746
2629
3199
920
4820
472
3902
4351
777
2381
1022
1206
4243
2269
2753
705
819
4472
2343
2783
1914
3515
3068
1395
693
2345
2981
2448
2920
1287
2857
2608
1783
4757
2213
2942
2841
2425
3464
4635
3654
1806
777
4582
4482
4037
4838
2119
1050
2594
646
4054
3087
3323
3288
335
704
3909
150
3161
4029
3416
493
239
1530
1611
1406
4743
1216
4250
4442
3561
1314
4743
4704
682
1902
2672
2795
3282
2339
4576
827
1554
4354
2031
1936
1826
1176
206
854
3450
3090
574
3605
3127
1514
265
521
1889
1434
3604
2682
171
2062
634
3836
1834
1015
596
849
1857
4260
1488
1165
2028
908
1184
427
4276
1770
3829
2119
435
1936
459
2299
3616
1824
2486
4678
2301
2926
4757
2937
2239
3529
1919
3420
4950
3204
3547
2753
3710
4112
260
2462
2340
349
1709
777
2061
2016
3225
2415
1892
4271
1846
4510
3858
3035
4203
2052
4019
1461
1455
2256
1278
1068
4124
2919
2061
2798
2269
625
3439
3517
3587
4197
4474
2684
1774
602
3829
4162
2074
4432
1876
1742
3520
3774
1437
1748
1039
3965
2971
750
4594
517
840
1591
779
3783
857
996
4120
3883
4917
4588
22
66
534
4793
1164
4814
2499
1479
3217
609
2869
637
344
3691
976
586
2778
3720
204
4146
2308
3202
2141
2497
1803
603
3608
3639
4238
3077
216
2692
580
213
2207
966
1901
1693
3656
1032
4189
1530
2469
1349
494
1229
300
966
3900
3837
816
1873
3815
1389
1205
4979
4581
1026
4939
3974
535
1593
1215
2526
3205
2302
2374
664
4859
2351
2692
3141
3918
2530
629
4982
2154
2885
1505
2560
814
517
1629
4330
1107
3456
2255
1252
2888
3078
2898
2658
2537
2341
227
4273
1
1605
2427
226
1454
2965
3199
1917
1564
395
2420
1743
125
4057
423
3831
1855
2478
2980
1557
22
1146
3788
2324
196
4534
4581
2219
2014
4371
3837
1374
537
1451
2718
626
1413
3077
809
4728
4912
3892
3036
4249
1982
210
3854
3732
4520
4353
1396
1004
1410
1267
269
1925
4674
2386
3275
3128
2349
2330
1827
1597
3540
1078
3183
3016
8
2296
2121
4967
1977
469
19
2523
3613
4104
637
2774
3767
4990
2991
1988
2734
3994
2663
3109
3648
2306
3549
2193
4703
394
1557
2661
1898
3943
3341
421
3055
295
1936
4818
4936
1790
3802
1230
3683
1868
581
4726
3718
2454
1227
4008
931
4569
3445
2188
3609
4719
3931
4704
3011
1643
285
2150
964
487
3906
1041
2451
3416
4862
1952
2356
1504
2169
2442
1935
2996
4462
4379
3189
1791
2994
3430
2320
1063
1054
3731
1274
959
4229
1746
57
3685
2842
4833
3017
2060
1868
2179
2867
4229
1475
1138
805
4705
792
2870
4193
1514
2328
318
2386
4499
4226
4566
997
2148
3201
1098
2525
4883
443
658
4169
4728
1723
4806
1730
304
2644
1852
2823
1972
1087
1559
475
170
2695
3867
3522
2580
195
1615
3983
2984
1515
3065
1066
4329
799
3672
1865
3491
389
2342
4220
1348
2001
1652
1005
1
1770
4411
848
415
3978
2264
4023
4196
3253
1960
4601
884
1118
3901
2580
2712
1575
2519
3784
1404
4032
1862
4566
1304
2002
646
161
185
1412
4284
3372
153
4365
2153
4317
4461
235
557
496
3989
732
549
4886
2249
1355
3296
1935
1753
3469
3927
2110
3846
4588
1563
4525
1520
1643
1291
4185
2944
4731
4334
1590
4511
3438
2013
2846
1309
3147
1461
1406
3742
3514
2676
146
2563
896
2481
506
1237
1380
4625
621
3887
2354
768
333
1557
4720
173
634
4695
2704
4457
2580
506
4350
32
435
3761
1970
4329
194
1864
2336
4323
1692
3314
1774
4624
908
2667
2381
2663
1667
2128
4260
2420
2510
277
4529
59
3326
3343
345
3869
4653
4788
3115
2962
1093
216
3000
1768
4459
442
821
3346
4148
1053
3684
1684
990
2835
3128
726
1450
4231
432
1024
3505
1298
2253
3894
2157
4625
871
43
1353
3220
4797
1658
4371
1370
3500
178
3729
3547
4947
4474
2682
2934
3900
2182
2223
4445
396
2841
1178
1998
3039
4340
2693
1915
1430
4261
869
1571
4538
1475
3153
3114
654
2153
3670
1823
4472
1449
4997
2237
3040
379
1311
1709
2892
1822
3007
4417
4387
4278
369
3987
1913
1687
4146
871
714
2849
2680
3887
4802
2684
1915
3766
1524
118
165
703
1186
1259
1646
3479
4085
2836
1290
192
2637
3403
1975
3887
1579
1109
1857
432
2229
2337
3328
3896
1114
2057
190
3036
4391
3679
1969
920
601
866
3344
4970
4883
1312
1756
1225
3882
1565
492
1800
3311
749
1381
3207
1877
2887
1785
3324
1829
428
936
933
1526
3926
3237
3849
4232
1563
1803
1768
1195
4348
471
2721
3307
4337
2567
1411
4423
3160
4027
2245
4898
406
947
1945
2537
500
4610
790
55
45
4058
606
3198
1832
3279
1224
62
1161
1832
487
2275
693
427
1578
2402
4086
1552
884
3979
1619
3626
1143
3350
475
4553
1117
935
547
2563
3256
3292
4071
1708
1291
265
2630
1779
1192
817
1089
4936
4931
2392
4668
4331
302
687
334
2574
1247
2016
582
3790
407
586
2854
774
956
4567
3197
1188
2281
3356
1944
2600
44
4216
2280
3514
4313
4169
3218
2619
477
220
682
4919
2718
1579
3881
3658
2777
2044
3330
2337
2011
31
2159
114
908
3280
2097
2110
3953
4102
3056
2373
905
1659
1384
4339
4515
4294
3212
3850
2878
1781
2783
2168
480
1070
3785
291
507
3768
550
4858
4069
2149
2334
2237
1871
2579
4464
4728
496
2588
1664
1363
1594
1554
715
2886
3558
4103
4992
4524
940
1524
194
2669
3078
584
2891
2121
3149
940
3107
3561
4755
2300
2810
1504
3955
2016
994
4522
4198
140
4208
3531
4048
749
692
1099
3266
781
4038
233
1081
177
1244
3022
3366
3585
74
1260
3631
735
3737
2895
2311
3420
1811
1970
1490
2335
1486
4748
179
4591
1455
3068
4953
1212
1369
2003
1599
2481
1317
194
539
196
4972
908
1498
1736
228
3445
1330
2147
2047
3386
1111
4412
818
1315
3018
3864
380
1975
1391
4205
2430
1095
4678
2262
210
1397
1045
3320
1590
1622
4164
4780
4523
4550
457
975
1505
1875
2604
2590
590
1645
61
150
103
220
3533
1514
2293
1618
4155
2054
4948
122
40
3340
4320
626
2460
1693
105
357
4323
3859
2680
484
2130
3204
850
4446
263
3529
3789
4285
1432
2544
961
755
2242
1391
3713
1333
4853
4410
2314
127
4837
4006
3211
4880
4533
263
1437
4704
4831
3639
2404
791
2399
4600
3463
447
4097
2620
3477
1772
3096
3939
177
1923
2568
877
3535
4857
2166
1816
1623
3014
2087
1708
1034
4361
3782
4357
650
2126
954
3753
4063
3630
1047
4539
3335
3861
4812
1567
3894
2345
221
3718
1094
4649
4385
1317
832
4237
1447
785
1532
2077
3485
709
4350
3117
4561
4112
3833
4783
4939
1185
4360
2169
690
4436
483
3368
630
2729
3919
2557
4111
3
3081
2327
4548
334
3780
4833
4806
4333
648
3614
2710
931
4358
202
1820
632
3098
1227
482
270
3480
1192
3472
3909
946
4041
689
1356
2072
2271
598
1880
1529
4204
825
1746
730
2550
2725
1980
4141
2008
4892
2412
1899
1290
1113
1525
2116
3011
2727
3234
710
2724
441
4612
1253
3414
1108
1742
1514
1895
3882
2174
4551
297
1272
3415
1906
3835
1282
4214
968
180
2142
2545
220
1525
4750
2598
48
2542
1570
1883
4979
404
4941
3634
1723
3186
2223
4376
581
2917
1531
3517
2355
4245
2089
1630
477
3448
3855
258
3347
1369
3020
3842
4978
3201
4485
2237
4309
4693
51
1450
390
2881
917
103
2005
4746
818
1561
2248
4066
2873
1205
636
4384
4229
31
1483
2230
4955
1377
1750
4583
2534
1167
1469
320
3829
952
3876
1262
1498
1751
2920
2113
2911
1882
3931
1416
125
1259
1900
1221
1141
2574
3883
978
2322
1842
4603
1028
3622
2035
441
2454
4908
2807
2396
4033
4662
2368
981
3747
152
2186
953
1142
2764
2805
1428
2907
896
3244
1256
1966
1861
927
2071
1220
217
943
4158
1770
32
3200
2474
79
1350
3331
2335
4965
1696
2773
1647
2804
1699
578
3048
3552
685
3206
1145
1932
4259
717
3285
3270
1162
3841
3969
4229
3747
797
2411
4697
4424
4576
3628
1713
1748
1267
1040
2587
2475
4958
2386
3248
4348
4336
4637
3469
4712
4926
3521
2057
3862
3694
4523
4876
3005
4325
4904
3821
190
3293
731
591
2640
4602
4005
3541
2974
1423
132
4683
4607
3221
1272
2359
2220
3756
3025
3335
719
773
557
2085
4801
2847
4449
4304
4716
2960
157
2973
3275
2135
2893
1318
2816
3760
1965
4210
3348
2031
1414
1814
4604
592
4630
4345
1417
1486
1228
1134
4640
595
4740
2205
1388
3968
4416
2923
385
2997
4336
1588
3715
1147
2850
982
4222
192
4126
992
407
1443
1324
618
738
4376
4815
4807
1725
294
3597
928
3549
4671
4047
2843
4384
4664
3183
2644
771
4722
3072
1498
3669
2041
3658
302
3427
4619
3125
3623
901
4826
942
2745
4649
77
2432
4575
2679
3068
4661
1791
1813
2555
1318
278
995
969
4150
923
3929
2161
4717
4768
1744
1648
1316
542
367
424
3165
3768
3031
773
3757
4227
3577
4703
2420
3644
2494
47
4124
2178
4399
2533
1576
1558
3183
3497
3663
761
2981
304
4721
1549
1302
1385
929
742
2810
801
1699
18
1446
228
2897
3335
4827
3997
2433
3395
1372
2128
793
2250
4109
4398
4173
1820
1586
753
1632
1237
4414
648
1249
2761
1614
556
2776
1023
3589
4372
1674
661
3313
951
1129
4421
3533
745
3919
3214
3192
2023
3652
4318
1574
1678
4486
1431
1062
3592
1449
1975
4780
1729
1264
180
1704
1353
4546
2584
1134
4571
2592
2610
3943
4661
1397
2381
3200
393
4351
3340
4354
868
790
166
3026
1636
611
455
682
2992
2843
3143
1767
1978
2748
3583
1508
2784
798
1097
1711
260
4981
3008
634
4360
1287
2656
4629
3198
4457
4246
1634
3847
3775
3195
4761
3042
4971
349
3733
47
718
990
4823
2404
1941
1369
3482
49
3501
4387
4414
4575
2626
927
2665
1470
253
2301
1987
2615
1524
3331
2096
4567
2742
4579
1443
630
1015
4495
2185
974
2385
2307
2300
2216
1644
1635
3762
4627
2031
2517
3941
4390
871
4599
2995
2000
2927
76
4505
4142
1097
1619
1484
1757
772
3808
32
1177
4911
3744
525
2109
2028
4431
2078
2124
2913
2172
4932
4191
2635
3863
2819
3079
11
4185
1570
4846
3582
1893
2017
3705
1975
902
4222
961
584
914
857
4123
2154
333
1385
4372
4009
3009
3174
1576
59
2700
1560
461
1738
2882
1407
2756
2439
4540
2013
1256
3898
3673
4418
1506
3983
3829
2254
611
4539
4240
2076
1483
1496
3968
2149
2106
4557
2001
4666
4294
1186
1563
2430
4117
3171
4573
131
1499
1034
4681
2700
365
2426
1880
2739
4247
1273
2743
1205
2563
4637
442
1914
3475
2714
744
4417
4241
83
3143
3467
2196
424
2874
2239
4350
4870
4480
550
4429
4701
1087
687
3662
2894
4056
4774
2368
2948
2453
3145
4952
3053
1720
4196
4049
3840
1990
701
2055
1097
4252
4322
1476
2922
4368
969
1546
2717
1459
1520
2097
1136
3862
15
2755
3671
3291
4986
2279
4672
4157
2131
1572
3835
1355
3344
1430
1697
424
3801
4717
1591
4223
2573
1524
4323
709
1749
2903
4462
447
4729
4865
3522
1110
3402
1604
2765
3216
4599
2426
3135
3753
1436
4101
1209
4866
3848
2042
1902
2928
4661
4283
1358
4192
1398
1540
4593
4026
4692
1814
2497
3619
3001
3523
4371
1792
2785
2057
3360
1312
973
3923
1046
4065
3010
1572
1268
2157
794
1581
2790
1614
1210
4624
902
4144
4571
1158
1956
2838
1892
183
4391
4768
3688
3136
3916
99
2620
3314
4975
2297
3765
3224
1608
2075
791
2600
2519
3141
2104
2246
4258
2217
3358
3038
366
2374
398
2049
125
361
4127
1641
120
3229
4742
272
3949
2151
2740
230
610
4741
3765
4450
2347
1
2930
1459
3103
3809
761
2207
4994
3473
1930
3635
1767
4954
3854
1852
2140
2276
1388
1102
995
1114
2484
235
1749
3229
2727
1710
4602
2756
4062
3224
1279
914
4026
2539
1343
161
884
3366
1405
2742
4735
3416
2296
4036
4443
4176
1528
118
650
1364
4041
1615
3296
1528
3925
2772
1383
2850
1463
3765
3344
2212
213
887
129
4817
197
4813
3891
4132
4228
4313
4331
2269
1554
4549
4500
1901
2842
655
2571
3652
3153
3469
3627
4697
2037
452
1722
2794
344
736
3132
1740
1444
2383
4270
2925
1729
390
4029
2184
4686
4937
1424
4666
477
2501
4731
2179
4425
352
2022
470
4636
955
3294
1788
1972
2334
442
1877
573
4949
2776
4713
1598
4794
3697
1079
949
3363
1146
2868
27
526
3701
2966
3480
4442
3671
4825
2878
1527
859
2746
1665
4969
4943
282
2874
1409
1222
1717
2816
461
2230
4467
2784
2209
2106
4151
270
2445
690
1870
1293
3920
833
1883
4083
2470
4920
2233
3593
4503
4618
1527
361
3112
1288
4699
4912
3133
1957
120
3447
711
4276
3610
3140
2874
1873
1060
3982
731
941
2544
546
4888
1710
4015
447
2528
2678
4457
2449
989
3587
2447
948
2367
3407
526
1510
4355
4225
4479
2946
3075
1764
3486
4594
2504
662
1919
1013
789
2475
4744
338
2894
3363
4315
3140
568
1210
1362
2422
163
3966
1256
3825
2494
2446
2525
419
4386
4353
2306
4738
4849
909
1406
4562
3200
1513
4192
2699
4571
4773
367
2550
1560
344
86
2905
855
3682
3779
905
2592
1707
4363
4032
1566
2380
1422
2112
3930
2349
3465
1350
570
2990
3955
2018
1764
2754
2159
551
4038
4073
1740
1782
1976
4189
4290
2359
964
2255
3510
2922
1308
1443
2759
1250
3197
17
4450
3084
3387
205
1243
2720
318
2657
1453
1965
1923
858
756
185
4461
2752
465
1961
1085
1810
4469
1525
4552
226
1626
680
2968
2556
2558
335
4318
3301
2041
3624
2854
3593
209
3957
787
1317
724
4889
4333
2047
575
162
4424
1019
1876
4735
4368
407
1056
4532
281
4257
2934
3484
2227
2575
4990
247
166
4704
2203
2812
1586
2937
1124
2047
915
4818
1792
2839
4347
3994
3487
378
288
4144
582
546
2623
3092
1835
3988
2897
2773
979
3357
134
1549
1409
656
3759
2298
2839
215
768
2341
4329
1382
3485
768
3952
1118
3708
3588
2557
4208
28
769
1623
1391
2420
2730
2478
1604
456
335
809
3884
4663
972
3285
4805
4192
4755
2198
4193
4046
2358
291
3226
1826
2375
773
1054
4392
4163
2665
1365
3860
1828
2079
1993
1183
863
3241
964
1556
4334
3439
4137
720
3790
2210
3876
1642
3579
657
1363
3695
1058
4593
4553
2040
3447
1255
2233
2000
3273
1579
1736
3081
4395
4997
862
2103
3252
2267
3598
343
4993
4159
4747
672
2161
2130
4229
3523
3106
1701
4901
4448
4658
2938
3678
1850
3393
3670
3565
2363
453
2722
2082
66
69
2698
2534
3692
2642
2822
2903
4272
2602
4223
4603
512
231
2108
1330
1101
504
949
702
739
4127
3383
4087
3445
1683
26
1682
2705
3918
799
4338
4967
1585
703
338
2998
2687
1056
2458
1880
816
4160
848
1463
287
1863
280
1184
3542
4360
3991
623
1879
4640
3909
3403
2854
1603
2009
2179
3870
4475
81
3481
3977
3802
858
694
4565
2170
2709
4478
1123
2698
2187
1141
2673
2396
1898
3891
2282
557
2712
2388
2316
2237
3679
3307
4811
2880
994
2400
4188
1460
3295
2383
644
523
1701
1611
3130
2555
3744
1690
75
2837
579
4627
341
1435
565
2654
693
2437
1904
3483
2981
4590
3573
821
1056
4842
1108
4144
736
122
4835
3993
50
3132
1500
813
4688
421
3596
3685
4824
1312
1241
624
2066
220
1380
913
2272
2168
3791
1050
1705
3002
1177
1386
2391
2209
847
115
1362
3415
733
3943
4027
395
4910
4756
294
1862
1633
1709
3122
1365
948
836
4234
1182
3541
3725
1113
2350
462
3628
2
1130
945
1521
2982
1741
4733
2178
4826
4945
1663
3410
1703
2050
4844
4593
4147
863
2934
2557
17
4434
1965
3359
749
4106
1424
3920
4682
2623
1189
2214
3063
4982
277
3290
2063
629
539
2428
1872
674
166
1881
38
4871
773
1172
3505
992
1683
794
3925
1768
348
3218
1961
3361
1814
4877
2738
1362
2339
1970
1368
3454
678
4302
1696
339
4836
1586
4692
3912
1733
4389
4897
3298
426
3963
3231
3705
4474
4838
3862
2279
3176
2364
1903
1200
599
3281
2872
144
3001
4983
773
2794
1059
3243
2315
3301
2982
66
230
3092
954
4276
1134
2117
2555
2672
3477
41
3072
880
3372
2454
786
2446
4895
2770
1610
1902
1046
353
1590
3574
4654
2137
3278
2116
4415
3988
3057
3519
4110
2301
365
968
278
1007
4167
3930
3075
1698
584
1192
4904
4215
73
4270
633
2798
552
1283
1051
3805
2011
3150
67
204
2756
158
1324
2304
2470
678
3405
2445
4375
1129
618
1687
1063
3530
73
490
3592
823
432
984
3422
3342
3566
3899
536
281
1743
4356
4191
4887
3284
1372
3399
995
1970
2960
1885
1049
2169
2314
2032
805
4344
2382
2834
1422
3967
50
2248
900
838
2690
2008
4862
2356
1042
4315
3295
2578
4061
4083
817
4793
2366
447
490
345
3334
2453
4991
908
3589
2559
1054
946
2284
1793
2792
1238
2434
2417
3095
992
229
264
2652
2117
4315
2049
3037
844
2018
3663
3205
2066
4501
4316
1124
3809
3376
1887
328
4340
4766
2053
708
2742
1552
4579
4216
4812
4281
1835
4625
2440
4304
1414
3002
4407
4462
1305
1067
1661
521
3698
1242
3488
2512
60
384
4786
703
1690
2349
1403
2765
4017
749
422
2924
3321
4196
4066
2353
2877
1017
4021
517
1937
1896
540
1275
1523
3418
3517
603
3213
512
2193
718
682
4070
3532
2739
1087
2197
2479
4089
1596
1099
1969
4030
1707
3703
3129
1296
3096
1111
2406
2042
2105
2244
2739
201
2320
2737
4429
3104
2255
1296
4998
792
4980
4062
904
108
3629
3480
4938
364
3109
3829
967
2311
3376
94
4271
879
4147
2060
4869
256
3215
584
2979
4578
184
2217
779
1527
1897
3569
704
2830
3003
17
2820
2705
589
2270
4827
3332
3749
3252
2135
3407
1832
427
54
2686
631
1022
4281
271
4819
1451
1918
2324
4010
2824
2320
1417
4234
4235
2326
3744
1134
4902
1337
3627
4799
1032
178
2626
1116
2527
4187
2230
3300
1452
3948
1725
1251
4544
810
3703
2492
774
2195
1480
103
4376
565
4287
2387
1591
1559
566
3701
2765
272
243
114
1390
471
4694
2449
4822
2506
4660
28
1316
3643
2587
424
1407
2992
3671
603
1408
2898
205
2175
4465
928
3151
3268
1932
2085
3215
4138
2663
111
1423
878
198
2170
4407
165
2689
2004
3616
287
2856
3810
4986
1670
3709
4427
2033
1776
905
2331
1781
808
3993
3891
2529
4276
2410
1799
1732
3283
4731
336
2007
765
706
419
1223
783
385
3193
4683
1678
3610
2801
4288
380
4625
2083
4379
2426
3745
246
2374
1229
4410
2765
679
4372
2642
2276
3509
2152
185
4866
3341
3932
3625
2346
2484
1000
3781
2722
1021
1217
3041
3183
2678
2659
108
224
38
2225
3569
3379
2737
1604
3244
925
4056
235
4171
4846
3290
1402
250
1612
503
2798
3291
3759
119
4919
2062
3997
3454
3551
2006
2278
227
3714
4956
3714
2610
1871
1480
2682
3742
4206
797
2885
1155
642
3237
2284
4243
3560
2229
4624
2310
1337
4273
218
3944
3517
2187
3795
2614
1048
1592
549
2129
1162
1747
786
3894
3081
2743
2252
4149
1482
687
452
1977
2088
2472
1046
815
1332
1738
781
1850
4549
298
963
1663
2945
2196
4492
100
4333
4279
980
3694
26
833
4734
2196
1369
4013
4239
2838
2753
377
3802
1954
2094
1973
4572
1415
2059
2169
4795
411
691
4255
2219
563
1229
2369
1297
714
3358
4475
235
2587
2739
4180
1152
2858
503
2714
1708
3272
282
1804
2639
1325
4739
995
3287
1268
2727
2995
1442
3553
1275
4262
1656
821
3798
139
1712
1830
794
1821
4195
1592
3605
998
1766
3889
2507
2126
1404
1804
438
1287
571
3532
2360
723
1293
2947
2728
4231
3866
571
4372
4833
3396
4965
3494
2945
2147
1257
874
1812
2954
4149
4335
4879
1138
3105
3732
2458
357
2674
4764
154
3502
749
2781
2035
1911
4687
1094
4206
3043
4499
4079
4640
3541
643
2797
3235
3536
538
3318
2409
825
2746
1281
1117
3890
1522
3250
1917
3745
1938
3909
3045
2936
2193
921
2741
4909
2071
4263
1791
13
2103
2211
2585
2413
3391
1594
610
2417
3259
2172
4034
3568
3294
973
4930
248
1659
3926
4567
3726
1308
4233
681
3209
280
1653
4809
2576
802
1086
4170
1416
2192
2681
3966
4010
561
1646
4140
3693
1202
1975
737
3392
4059
1808
470
3267
309
2416
1936
1678
383
3967
3789
1489
1162
1408
2669
2574
1705
2281
1839
1724
1237
4352
3775
1550
696
2657
3980
2332
2656
517
1262
2255
655
4597
4039
1602
2464
863
2481
960
2812
3216
1945
545
799
2643
4379
2857
188
977
839
3778
2752
3185
1162
3000
1389
666
4127
597
181
4383
4047
799
3819
4786
1951
1207
4620
204
1586
3076
667
2259
270
3207
46
1069
3227
4519
83
477
521
2176
1751
2860
2745
8
3656
2425
3055
4658
1769
3948
4462
3879
2174
2999
1061
4169
4777
2398
1025
2049
604
1017
1659
676
4568
1191
1659
1178
4806
421
3013
3192
1451
848
1531
2902
2561
3791
851
2978
220
2845
2035
3334
4466
1733
2074
2640
4671
3198
3344
3353
4935
1817
2857
1449
3765
3537
4053
2361
124
3931
4292
2624
2108
645
225
4530
2128
796
916
1853
1533
729
3220
1918
1253
892
701
3836
4773
1075
4174
3907
556
4396
1150
4620
3005
1890
4481
2347
4694
2693
3109
1874
4410
1773
1226
4188
4892
1343
3889
3715
445
513
4707
4366
1520
2251
3734
1109
2060
1598
4380
4847
2250
2594
3836
2655
1927
1058
3405
1866
60
4107
4296
2940
3853
2006
1094
2084
2350
3513
4794
2757
964
1668
1271
166
3835
3298
4045
2340
4476
287
3984
1525
4386
426
2594
313
3373
4643
1523
325
4582
4678
2694
656
1900
680
1085
946
46
25
895
4305
834
1923
1225
4717
4654
91
1747
3775
2005
4221
2709
742
4220
2084
3577
186
2221
2266
3154
4116
44
1085
4758
2685
3216
2620
3848
2182
4716
472
537
1520
3767
2262
3200
2637
2784
4395
799
2263
62
4273
4432
1280
1896
3098
2320
1001
4320
1274
2851
1615
45
2418
1952
1755
2273
1441
4494
1416
1608
2390
3143
394
2746
2460
4364
2758
4923
2621
705
1948
1105
1802
4963
1140
4909
2473
1599
3784
4254
3873
4324
2646
3842
4098
4052
3962
1743
1784
63
3489
2697
186
3145
4752
1725
3317
2741
3126
2349
2511
2050
3111
1324
4193
2573
1467
3109
20
271
2390
3111
4991
2680
713
276
31
4683
3233
802
1545
1756
2455
4009
140
1056
3480
3926
4427
1052
1006
1999
3057
425
3326
112
2621
1926
1459
1462
1793
3270
1275
714
45
3252
1304
3840
457
1940
3562
129
2411
3236
3820
4454
2014
699
1604
3542
3100
1712
2878
2625
1820
270
3003
1133
2055
2383
694
57
2416
543
2727
3393
4315
538
4124
849
3560
3304
2309
1373
2095
2327
2302
297
1365
1442
1442
3500
3208
4066
3902
4170
1536
3802
3684
91
183
2463
4034
4638
4458
3111
4634
1210
264
961
3091
1038
4394
4030
4128
2686
3796
3246
4071
689
2236
430
916
1002
2416
1616
1223
2860
2348
1548
3675
2585
1252
918
4489
2764
127
2544
4949
198
2453
641
806
3726
2658
2150
4812
3724
2811
3208
2277
2672
2232
4190
777
1446
1107
4796
1199
3341
1809
2348
2951
4024
2766
125
4817
2117
1270
4257
4454
660
3161
2091
4622
3354
3222
4544
4681
111
1619
821
4290
4564
212
954
2377
2273
3994
4270
3872
382
3806
587
3248
785
3791
2155
4228
1031
4375
3138
70
4406
1229
2518
569
1714
599
3637
192
1742
2565
3854
1157
1414
830
3339
2131
1891
1277
1556
1800
3335
708
1728
4670
3513
1108
3776
3377
2427
3876
3460
478
1442
984
4362
3897
4022
1172
2396
2863
4483
177
306
910
2318
2222
1735
4289
4676
4179
640
2921
4440
3986
1243
688
1059
3064
916
2672
1577
539
1734
3260
1049
3315
3152
1837
4542
1501
1565
2047
700
1078
4569
3029
1492
1093
2081
4234
4812
485
2970
3225
1056
2521
3452
1536
1542
4025
4200
3433
4945
308
3856
529
3475
4598
2415
300
3193
556
1273
4929
1498
149
195
1209
3808
2627
1390
4110
4146
698
3616
4082
2897
2065
452
4118
4049
1615
3411
3964
274
4304
195
534
1008
2768
4839
4416
2248
4174
3887
2059
3949
4989
3737
596
953
3343
4456
4965
1567
1883
2348
2147
4793
4081
418
2096
1941
1715
3030
1785
966
2750
2198
4354
1368
4017
4505
4064
1867
606
87
4055
4932
295
370
1086
3040
2706
4382
144
4699
2127
3629
4452
4465
1370
2071
271
2314
4533
4464
3096
3307
1048
161
2596
2082
2795
3491
2268
4562
2738
1634
1596
4529
1250
2199
1253
4230
4284
352
1357
4902
2775
1084
3317
1984
4139
1905
3507
464
764
3281
1617
402
4235
2157
4774
576
107
272
1804
2965
1402
831
962
3786
1831
3791
1122
4872
1819
4327
4845
40
1195
3032
1974
4776
541
3035
2268
3727
2128
281
1980
3778
1993
1265
2695
2384
2452
2477
1896
2059
999
2758
4568
3024
1501
1106
469
2137
1466
1578
752
3944
3546
1953
3407
3151
63
3578
2083
3174
1371
2121
802
1781
4178
2181
3767
2938
116
2436
1520
4717
1641
1343
1592
1835
3517
336
2215
1080
1247
690
1519
4719
4245
2791
1512
2543
2906
4968
1846
3614
2258
2920
3377
3409
4749
2913
998
4712
4411
2172
2796
3932
311
3291
2345
2474
2695
3530
2334
1876
4363
789
2416
1438
3731
1883
2169
734
606
1948
2751
823
2352
2030
4754
2248
611
3710
4692
1145
2674
638
4828
2277
4170
1385
4435
4775
3802
2967
4411
1518
3117
2085
2085
1906
1237
260
1010
628
2642
4806
2124
2617
2467
4124
894
4768
2772
1435
1289
4948
497
944
1472
2987
4481
1186
1606
1768
935
2855
2319
958
2757
4794
1996
974
4250
3651
4043
3019
366
4911
1823
2244
1675
2409
3043
330
183
729
1757
2034
2263
900
2497
1645
453
4333
4898
2454
4213
1563
1377
196
3173
2978
3151
1153
1283
1406
2565
513
2540
1405
2070
2759
3377
949
2827
109
1436
4543
968
355
1148
4706
1885
3954
398
242
952
2873
4245
2154
2816
2119
1123
1247
3221
298
1872
3647
3782
1912
329
1747
3691
420
925
4041
4389
939
4229
1373
3322
3831
282
4560
3373
739
571
2177
2006
33
430
4620
390
1969
3543
1984
1638
1162
1576
3582
1888
62
4544
4470
4805
2985
1998
2372
2785
2002
1431
3027
1588
2349
2655
1288
1610
2408
1332
643
2597
2445
961
346
1530
640
2010
1422
3969
769
4747
2417
289
3468
630
3120
4668
1951
2533
3558
590
4835
3860
2394
1364
607
3979
2642
459
25
987
527
630
2358
4518
3714
652
3613
508
1336
3616
3183
1227
2754
1075
753
4214
88
4832
2549
4489
2680
1294
4398
900
2369
3315
3195
991
1604
3535
2542
1941
1189
1839
2988
3572
2735
3083
3719
4892
3510
1274
667
2413
1889
1085
127
22
2775
2449
2053
3083
3976
368
4699
2647
4696
3706
50
4218
2016
368
190
1781
1374
2562
4591
1620
110
1673
2216
3426
4112
1007
1455
196
3508
838
2684
2958
2964
2503
397
91
3617
2500
3169
3300
1128
2168
1540
2446
3485
3005
2162
2728
2065
3661
3391
413
3241
181
4407
4552
1551
2479
3049
3021
4301
2840
4641
336
4143
2810
2326
544
4696
1058
4057
2235
2264
92
4536
480
3708
3869
4466
4417
3094
2674
1580
1032
919
2119
1787
3579
314
2651
2226
4827
4579
3274
102
4105
4184
1786
784
2730
2239
1394
2268
3469
4248
544
4648
2458
612
674
998
3350
4838
3896
621
4508
2169
2448
4901
462
434
4617
1194
1108
4351
3076
2219
3092
3736
679
2987
3730
965
308
2287
3426
1001
1115
3986
1932
4053
4811
3006
3975
448
2758
1251
3434
1869
2574
2717
327
790
3234
4201
2848
552
4094
335
4062
1222
3570
4887
3880
2522
4353
2029
3169
290
2764
1167
85
3048
1888
1857
4845
4156
1990
4102
4193
669
354
3250
2942
4734
30
1462
2593
2046
2928
3380
658
1682
137
3403
75
4951
991
685
635
2659
3749
3007
3054
4075
1193
1808
1920
1275
2687
2918
890
73
1164
3478
4948
2
1062
1930
604
2393
2626
400
3390
165
4589
2496
2468
1523
4671
4174
1703
1964
693
3362
767
9
4535
1700
1335
4355
3777
3571
4189
4047
757
1655
3161
2107
752
3829
1475
4314
2684
564
1250
2798
2807
3790
1698
4671
1290
4161
1894
374
820
2055
4711
647
2400
1026
1099
2567
4252
2276
3545
1257
2939
1694
1804
4336
3590
1351
286
2456
4582
392
4031
3485
2965
4253
2734
3217
958
4038
832
600
3650
2647
1326
1023
3957
1101
3859
2852
3704
2915
1135
1759
1896
395
1974
1057
4663
2424
3677
1164
1249
4291
5
4443
537
749
3264
3987
773
1245
1620
3667
2071
202
4150
2024
894
1660
2440
468
2325
1406
694
2535
4330
4142
4406
487
4122
1480
3775
1708
4827
1791
3779
1735
4898
2717
3071
2428
3742
1110
3162
3373
4036
1288
2204
2538
3580
2022
2074
1214
371
4637
4751
803
2859
4438
2781
312
489
2222
3732
4522
1141
2002
2906
1433
487
2263
4124
3685
392
1312
75
137
3095
673
2771
2846
3829
3860
4328
1970
931
3234
786
171
2618
2909
2650
2071
115
3787
493
2502
3536
4693
1809
154
4042
3529
486
2597
4397
2957
4383
4380
633
165
4688
2387
3211
4502
3714
4625
459
2092
1142
637
1887
1833
4206
609
1648
2351
4794
2166
4034
1984
2321
1129
3434
2164
4478
3164
4716
3427
4981
4840
867
4771
2286
833
4204
3628
4922
4914
476
4842
347
2971
1465
4771
2281
1320
2103
58
90
3036
3341
3347
913
4830
4367
4247
3907
1315
3453
1299
2638
796
3611
4308
4219
1481
1274
1038
3973
1885
335
1085
2794
1564
834
4243
4650
139
4098
2787
1398
3256
4680
3909
2002
577
4841
668
3142
2673
4696
4732
1065
376
979
3488
1863
626
3100
1115
4838
1827
4986
1925
59
4969
3689
4584
3194
4083
312
692
1989
3432
2186
616
804
467
1224
3281
4806
4790
4517
4240
3615
3949
3985
2367
387
420
2577
1668
3354
411
1679
2202
813
4737
174
3020
2200
2943
3490
2659
3928
566
1981
1066
1550
2675
484
4912
316
1610
2668
989
3280
1266
407
897
3215
479
4051
89
2772
549
1565
1027
1449
508
185
1357
1133
4823
278
3545
302
1889
4400
2444
4273
3154
1885
2654
2112
78
3117
732
2691
1551
1923
1605
3098
2348
1081
1122
1514
1770
3091
714
2686
2690
4531
2060
3560
1675
4085
4710
4688
1026
1227
357
4716
1703
292
2342
353
761
1816
4877
4657
644
4743
2452
2741
2267
907
2399
1572
841
4771
613
2965
3084
1002
4945
3226
4924
2223
1249
4990
3528
3462
2231
2728
362
3935
775
2296
3924
3397
3880
1089
4394
1210
670
4175
2866
1057
2207
3955
1146
1252
509
2286
2649
1607
4948
1282
377
3765
2532
1831
4643
1321
608
3868
2787
575
1792
684
1757
1708
2157
1844
265
964
2227
2689
4243
4435
115
2703
1078
2246
4994
1136
2041
4802
4356
753
3850
1685
1125
2396
3779
1468
3690
2265
411
4109
203
4286
3382
350
403
3649
2959
2013
4595
4059
653
3697
4116
335
107
4761
4091
1563
1613
3260
1114
2071
4472
1256
1637
4892
577
4783
1491
4991
2977
3495
1782
2893
4847
1065
4971
641
3262
4661
1213
1156
3280
3483
2319
3476
484
2477
4866
1640
3108
1635
2214
3075
2450
1119
4108
248
532
1363
1915
3757
773
527
1577
2322
1894
3119
2869
4363
3037
348
4259
4572
3005
1578
191
3925
3302
834
2581
2159
1270
497
3608
1246
3000
2209
618
4255
4373
518
3524
451
168
363
3374
2181
2197
4454
2385
464
4157
2810
2947
924
2635
1052
3315
3123
2435
3640
4541
1007
3932
164
2528
3703
2955
3829
1982
4890
1986
241
3924
1067
2537
2693
4692
2565
4820
2232
2999
304
2340
4151
4694
620
4139
3122
2394
2150
66
2535
1250
3793
1925
2406
1862
2743
1386
3117
4986
4456
189
1045
1381
4002
872
3340
4554
130
4057
60
3774
4346
1084
3771
1187
91
4179
3757
485
1725
3923
1992
4716
2685
2473
438
2385
2533
1213
2272
684
1282
2726
1584
2045
2835
3173
3192
2953
2021
598
1297
1663
3231
4429
4439
4548
1794
1349
3139
764
2744
2815
4313
3450
338
2497
4460
4458
4650
901
1862
1101
4184
3035
268
1117
243
753
3736
1921
1942
4826
2985
434
4470
3029
1753
4471
1441
1169
2366
2063
2977
3325
171
4702
3200
844
1119
1329
310
4456
2518
4765
769
1486
4719
2756
4621
1004
4294
1154
1316
1822
843
47
216
4782
1379
1086
767
3317
53
2798
365
3117
2535
4454
1512
522
1281
830
3136
4201
2706
3939
4670
2606
3475
2404
695
1324
1481
691
1432
289
879
4510
3332
896
2347
3791
300
2707
727
3736
2495
2632
2203
195
3234
4771
2257
3681
4161
3533
1489
2393
3310
2852
2591
3923
3369
731
3585
469
2994
4163
13
1255
3019
1425
987
2954
4361
642
3670
3534
1052
3389
1113
3148
3421
456
575
1257
4056
862
764
2629
4602
3911
4570
3530
2189
1016
2887
233
1569
4308
1613
4529
885
4203
2529
3217
2222
2587
4609
968
1207
220
3495
3275
2082
4136
4747
3983
366
675
257
888
3018
559
2830
4793
1872
3979
2801
157
2677
2981
3799
4237
3713
4838
1199
2418
250
4237
2952
4934
1694
198
1415
2038
3552
2068
4733
707
810
772
297
4914
3517
1109
3306
4168
1244
805
2344
2993
1168
2669
3371
403
159
552
2892
3207
2534
4912
91
1680
1961
2546
2536
4639
2656
4667
1406
2093
3285
4498
1276
1186
4851
4192
614
2694
4305
2685
2828
4159
2375
1717
1346
4867
1289
3579
800
894
2489
4164
2170
2573
561
3728
122
2244
778
2045
3692
4461
4255
740
1419
2154
1797
1976
1354
2605
4695
4124
1166
3341
428
2004
722
2892
2804
2230
3178
600
4020
170
3477
1870
1222
3521
2501
3061
2021
3474
896
4250
1431
4467
84
2304
2387
2485
806
4643
1229
2936
2636
1733
479
2962
412
2096
2819
362
4420
2876
2055
4105
284
3412
2311
2780
833
1268
4817
2923
4843
2486
3325
3421
1160
4325
3980
3440
1234
745
1827
2483
2047
4261
3704
327
1849
4677
4620
2374
1213
3084
4777
770
3079
3924
1837
137
1878
2544
3087
1287
3267
3079
1930
1428
1904
177
1121
2256
1351
2967
1818
2205
344
1822
4534
2924
143
3492
2831
978
3613
4782
2466
4660
4334
257
2447
2536
2996
768
1775
1390
890
2830
3342
2856
4635
556
3217
509
1851
180
4474
1548
766
4583
3425
2040
1856
1517
2253
4966
1741
267
2587
2199
2434
4378
4734
234
3843
1861
2384
2985
4414
2586
1064
383
2272
4893
2397
2240
2111
1914
4402
1578
2688
3682
2394
3659
3298
1311
630
907
3547
3875
1932
1739
513
2838
3394
4030
2443
2711
1907
4983
1457
2157
3241
4467
3337
3590
1813
112
724
47
1387
2830
16
4525
1177
157
1695
556
4273
912
2584
2606
2780
3561
388
2846
530
804
4652
1709
3360
1528
4386
397
3193
4411
1413
4085
3408
4790
3264
1580
2620
2993
21
3489
3837
4143
1254
354
206
942
3004
1035
1740
408
3628
1194
654
2981
1391
3753
1318
389
2016
4051
3343
4528
2916
4787
150
2792
4525
3633
4934
1994
575
3454
2159
4081
399
858
2327
4731
3488
1940
908
3648
2712
3098
152
760
1946
1937
309
1796
4613
2751
1827
745
4862
72
3265
3104
2441
3446
4800
3073
1846
1036
2254
1433
1769
2876
4169
3793
1618
4063
2866
2114
4871
54
1117
422
2903
3630
1958
144
1656
2945
350
1230
2098
4123
2766
2173
3006
3378
1099
551
138
1586
2955
4057
4454
1800
4447
4024
2276
3189
2297
3797
3251
2517
1984
1557
1980
2704
1145
4518
2377
4505
4096
231
75
3790
1928
2304
2587
375
119
1522
1283
1962
4653
4504
3989
1445
3743
790
3708
3838
1599
4153
1283
4992
3590
1535
1963
3999
3237
3168
4152
1886
4584
3077
1534
727
2812
3800
72
2571
19
1397
2249
522
997
2255
662
4677
49
1077
3692
3729
4733
30
2774
4871
4186
1571
2930
1091
2395
1805
1341
2434
1279
2871
356
4791
741
589
796
1615
4136
1661
2300
3827
4427
948
674
2782
3766
1877
3906
2624
3378
741
1286
2434
2194
2890
3867
4595
4338
4766
3056
3075
4980
1030
2717
2342
4825
1832
3777
3114
2677
3812
4068
477
638
1154
2743
1633
4934
1260
3328
1249
1311
1989
130
313
2374
2795
3285
560
275
4385
4322
1393
4968
4512
3161
1243
2432
3080
2782
4494
3259
961
3018
39
1351
1438
966
2222
3232
612
3765
1837
27
4175
226
3491
199
1902
832
4306
4670
1624
4377
2326
4627
3592
3529
328
1956
1813
2491
1065
3673
3460
4676
819
2077
690
2495
3428
749
4092
393
2588
2047
2394
3318
4841
245
1372
1219
4889
3546
2139
2214
393
4212
4619
1795
2699
578
2975
2872
3261
816
510
171
2623
3817
3565
2627
1484
1980
1941
684
974
4218
902
1527
4588
2263
140
4224
637
1183
3513
4970
3537
4691
3955
3232
2429
3740
135
4270
3864
1760
4086
1232
3996
4130
3343
3640
511
1062
4942
3246
3202
573
883
1723
841
646
3758
222
309
2887
3026
67
2055
3370
4039
3713
2326
674
4860
4547
778
3216
12
1881
4986
1065
3537
2032
3675
4003
4959
1215
4217
8
3218
2227
1299
4425
2786
2958
4706
4983
4886
307
3059
3262
623
1941
2238
3332
2342
2480
2029
4304
4121
2280
4376
1998
1282
2977
873
1986
1096
1095
4932
1370
714
575
2081
2273
1097
702
3364
2594
4693
1544
4853
3722
2771
4451
212
3529
238
2133
759
3785
3324
2116
4688
2024
1178
1941
512
1371
1842
4990
3297
604
339
752
3354
806
874
631
1787
1325
512
12
2556
4276
4556
1149
3034
265
2595
179
234
59
77
2748
4944
31
4754
1994
4426
4855
2924
69
464
837
3758
1492
943
2975
2614
1681
4751
3347
2335
1694
1946
1860
1666
4234
3990
4637
925
1344
1068
3934
149
1762
137
3165
2697
3730
1797
3078
1150
3562
4627
2294
4562
2445
792
2444
2355
1692
3000
1314
2080
1789
613
3051
2027
4274
641
2693
901
1270
1766
3624
4850
1181
4531
2895
3159
4724
4698
1319
2177
1606
4408
686
3271
241
1197
4215
4451
801
3781
1674
3597
4179
1806
1832
185
1365
3746
2576
658
2044
3183
4220
3807
2557
3358
3416
684
696
4785
1731
1132
2098
472
3286
2334
2962
574
1229
1030
1974
847
4668
4893
2495
1124
1293
691
2275
571
151
1956
2737
4065
3752
2721
274
3353
2710
4513
4886
1602
4410
1991
4068
2219
86
1126
671
226
3305
834
4317
3918
1024
1441
4049
2057
231
4178
532
4882
73
4020
4407
2738
1588
4538
4852
2758
2017
813
1446
4812
3555
2043
1614
2249
2637
951
4879
1042
432
2081
1460
1986
261
2872
369
2676
4320
4589
800
4185
3023
3001
1789
2651
42
1585
3571
779
4138
3217
2048
1432
3542
1887
4430
202
748
578
3548
4566
4477
139
2637
4474
2924
746
4967
1708
1104
1412
2807
2486
3472
4747
1067
676
3831
3431
2615
3129
129
1212
1508
831
3388
2131
2278
4453
3018
4630
1621
1390
4710
2078
447
3384
2812
3551
2267
4698
1071
1911
4113
4225
1381
3731
408
4965
4013
722
3232
2024
4301
4518
2162
799
1749
5000
3285
4347
4072
731
490
1066
2811
1588
4786
3378
286
4472
4214
614
3812
2199
2878
4188
2734
4655
2198
2629
2356
2420
4503
647
1990
4783
2258
944
2456
4957
2875
3500
4021
665
2995
2193
2333
668
1149
3929
3962
3620
1430
3007
1863
1163
2327
2054
74
4154
268
4294
268
3029
3338
3688
2862
584
4797
3764
1214
314
4839
3728
4538
377
3960
1260
4772
4095
3402
2709
2943
268
3220
551
1865
1539
4050
78
1970
249
2667
2310
3260
2595
4483
4569
3762
1888
1457
4105
1134
2696
803
1655
3318
506
2425
2644
2959
2188
2168
3893
661
614
4177
4268
3402
536
4705
413
1941
1198
1657
310
4788
16
3280
987
1405
1663
904
2472
4969
1501
222
1569
3546
853
1110
302
2671
4115
4743
3163
1038
1092
2035
3607
161
2513
3778
555
3372
1112
3183
350
2949
4196
2907
3838
221
3734
3248
1185
110
4444
384
4797
2198
1448
2488
3317
2091
1820
183
2165
1783
1222
4284
2064
3239
4070
1359
664
4598
4871
2941
1301
2711
117
4370
3289
2898
2156
2819
452
4662
2546
3642
1404
2809
950
4941
1424
3508
24
4216
4052
3867
4058
4322
1559
1675
120
366
2939
3284
3212
3076
461
4217
541
1511
478
4221
2377
391
601
2529
2377
3482
2958
1636
2708
1606
1174
4386
2830
1563
712
2048
746
3071
827
846
4422
4321
549
349
2102
2178
1940
20
2076
1537
811
3926
2310
3726
4847
1094
1584
689
1995
1494
2004
4300
4776
1828
1583
3078
3305
2110
2661
2361
4262
1303
208
1271
3167
2202
1133
3057
507
1775
4104
1183
2897
540
1794
4263
992
1846
2823
1647
2554
688
1581
4589
1790
3114
3705
218
1190
326
2572
3778
3606
3775
2863
936
1431
4579
2898
503
514
1315
4323
3323
2384
4152
2061
3193
1954
3680
367
3341
2413
1313
39
4955
1896
4630
4398
1736
769
2295
1246
2585
724
326
9
2564
3021
3703
3612
2990
1969
2879
972
892
888
337
4040
390
3542
2901
3495
49
3082
4258
1747
4861
4358
2933
2710
4750
3872
4107
2539
3262
2600
963
353
3235
1051
4591
1955
3204
4463
3116
604
2426
3761
696
1121
4941
1683
452
4799
2189
346
3667
4695
754
4631
4226
463
1446
1604
639
3308
2273
3569
334
372
3397
671
514
3000
819
2710
10
3082
3757
90
621
3091
150
4123
4686
2952
2471
3189
1939
3806
4996
2220
2114
2795
2374
4340
4493
1799
4762
857
497
396
1330
770
769
4282
4186
4308
2256
1582
4621
1004
991
4427
769
2028
827
1633
4209
2634
3034
3693
4698
4517
2080
386
384
658
3133
3727
89
1270
378
3528
378
1205
1212
2497
873
4210
3191
4288
1515
831
2014
1539
1302
3919
2042
1138
1314
2907
4170
902
3420
1802
4778
2762
1155
636
3975
3425
2366
2809
1313
3416
4485
3333
418
1270
3200
2487
3022
3769
4837
2635
1619
2226
4398
668
604
4004
2761
2502
816
1672
1170
3939
3272
1693
4270
860
993
2695
3849
1986
4815
2557
427
21
3523
4455
4399
1565
4366
2064
2284
983
4294
2288
223
1035
1192
4382
360
884
2239
3636
4940
3679
2499
26
1075
1648
3654
800
4315
4273
1499
1222
2813
99
3920
3999
1918
4522
2246
2829
2152
4717
2782
3918
2626
1132
3662
1432
2054
4021
3725
1889
3170
1663
2035
4458
1281
4288
2980
628
4450
4189
4390
228
1849
1673
1025
4843
2957
4024
1327
2497
34
875
852
3467
2439
2190
2512
2626
2547
1616
4354
2919
748
2580
1631
3924
200
4342
3252
1996
4695
4679
4456
3701
577
3813
813
3325
628
2853
913
3043
3192
234
3295
2520
1943
562
1340
1517
2679
2647
927
1214
4546
2307
2912
1208
440
1104
2541
2719
1939
3271
1768
1851
4867
2096
1981
1012
27
1681
3251
2523
652
610
3696
3515
2096
488
1690
4432
1122
4288
1804
4351
2884
1311
445
1870
2977
376
4407
3701
4516
4845
3807
430
3425
833
2016
328
466
766
1925
4538
4805
787
1127
4662
1380
256
2515
1548
1612
220
4136
137
1067
175
671
2551
1619
3924
1204
1079
2748
2705
2692
196
2785
842
4431
3930
4938
1018
3464
999
3106
3284
1219
2256
4186
2114
1871
280
1253
3395
564
1076
309
1834
4134
2666
238
2253
4074
684
634
4203
2952
3527
2317
1673
1530
3633
3953
2935
3500
4362
1381
4358
2861
3362
1889
2357
2989
1892
2214
2197
4751
1065
1579
2113
2089
480
3843
138
2417
1972
1389
2882
4290
574
2524
3847
1640
3181
1169
4899
608
396
517
1769
3196
899
2851
170
3742
960
4493
2586
4154
3695
2294
1956
432
4263
1968
1093
1122
4632
2983
3567
2747
2570
670
2156
809
1015
2760
2647
3005
412
2002
4781
929
3019
3575
2625
4409
2069
3691
417
2252
1718
4085
4659
4164
3369
2518
2364
4941
4743
2063
42
2307
754
2923
128
4415
2502
3048
4802
779
4034
2388
3626
3019
2035
853
4146
2679
1418
3241
4123
3550
3119
2799
1406
3997
2694
3462
2168
809
3081
1725
2371
4361
214
4979
2795
1087
2170
1640
2342
4193
1430
1059
40
4683
4418
4621
1509
343
215
4405
336
3040
4505
2966
196
1978
444
1134
761
2222
118
2049
1810
4406
3814
902
1156
484
4244
1287
3593
383
1617
3535
4494
4928
1336
4567
1610
2138
749
1281
4424
2273
2180
1633
222
3100
3141
4704
1599
3702
487
1795
3662
881
2731
356
2716
3284
2107
2263
4772
1662
3618
2632
3965
1555
1421
4595
4232
2440
3083
3563
1027
1593
2145
1223
2492
4227
2849
635
2410
790
2979
2243
4424
1331
1988
301
3715
1191
1607
2983
4983
4982
4770
3998
1933
84
4162
4521
4280
2496
1129
1013
2984
1298
4559
4450
3134
2398
4942
3758
1889
57
1619
585
4640
3475
1082
1065
1897
1934
4985
2151
146
1934
719
3881
2310
362
2046
1681
1242
962
3808
1758
2944
3777
4278
2705
1164
3757
2574
1739
237
4093
4053
461
3278
2442
1123
808
974
4264
1943
1615
4605
3751
2659
1361
1584
494
3954
4859
2494
4439
3886
3990
3987
1913
3086
1596
717
161
4976
2841
1926
3746
396
800
1122
3000
1002
4987
1697
2959
3579
207
1751
1841
630
1119
3906
1839
3460
3752
3299
3631
1910
3733
697
2376
4160
3179
2746
2034
2461
2624
4092
3657
453
3136
1843
1788
3452
2960
252
1048
1221
975
1169
2251
1911
129
3237
4550
3302
2806
739
1114
1733
2610
4162
2326
3675
3727
4396
511
348
2784
1447
1722
2658
4294
2003
622
3451
1385
4861
358
4820
3951
1491
2901
398
3737
1737
4802
912
3454
316
174
2757
79
1973
2716
3664
1494
4624
1369
37
2313
1902
2396
2906
4779
512
3727
4822
1980
4717
1502
1792
79
2541
1888
2227
2885
3070
2028
648
3041
1583
974
461
3428
2692
1058
4157
3417
281
23
704
3035
2106
624
4021
4309
1403
4431
1933
2603
2747
2819
3713
2288
423
4716
151
3583
2404
4452
3800
893
3052
544
870
7
3613
351
1044
3416
566
3762
3142
2910
2979
2373
3524
1822
3291
4005
232
1172
1153
4203
4624
488
200
992
1928
1901
3106
3553
3584
2788
4514
1628
2782
1073
1305
1851
3213
1860
4798
50
382
2194
3641
2404
326
2701
450
3362
2408
673
869
4342
2188
504
3217
3269
4169
49
3354
4603
142
4253
4187
2772
1615
4642
1071
608
3174
563
186
3758
1537
1207
252
1500
803
1545
2270
286
2765
225
1032
2413
4301
2913
4242
3738
3487
2530
1754
3899
548
3959
2101
1533
25
2098
1953
3228
905
3327
1290
1630
1797
1942
2707
3702
2723
2172
496
4968
613
3476
50
848
3020
2505
3163
1464
348
4448
3955
3225
1569
3100
4481
1274
2283
2658
1189
1271
542
398
22
587
3596
2613
1336
1842
4087
381
4224
544
4650
210
603
4174
4560
2218
1684
2918
759
1507
1572
3693
4134
4315
3831
1064
2133
3904
3597
3394
3683
1778
1182
4421
982
878
1273
4239
1518
116
438
1487
2507
2507
3571
1872
369
3043
4932
4749
737
1707
2191
1901
3866
1156
1079
4082
471
2950
4422
3204
554
2842
2457
4331
3545
3383
3623
3541
1873
609
4010
4677
1737
815
1337
2749
2752
1347
4853
477
2913
4184
434
2708
549
2463
2272
3678
434
274
419
3638
3843
4253
584
3926
3655
3450
994
118
3399
2004
1627
4937
2130
2878
2790
566
4244
1020
1813
3261
463
370
4662
296
3663
2988
3044
2844
3469
1958
2611
888
932
357
3491
1454
4760
1157
1961
895
4040
3661
635
1196
4025
344
18
3946
2077
2397
2997
4206
4339
2297
3667
2105
1849
1699
1913
1981
2104
1377
2453
4937
599
4713
922
4802
3618
