1114 3978
1905
113
1272
588
388
2353
3854
155
1779
1897
4234
1294
2318
4077
3606
2487
3626
2160
214
3473
4362
1580
986
1137
8
2974
1925
2530
4558
1289
551
2076
1242
2018
2760
716
3346
756
4727
2610
580
4725
2562
4175
905
400
2678
2006
4946
3213
1738
3373
3451
334
4039
4675
2776
2251
4154
3340
3766
1368
437
2915
4019
2541
2210
687
1752
2350
4650
4361
629
2556
2926
877
1014
437
859
151
4229
3407
1739
3968
4216
2691
922
569
2557
567
2950
703
1779
1244
3891
864
3091
4074
2782
1445
3198
2016
2176
2320
2688
1304
245
2599
6
4138
1485
4570
564
3672
4555
2138
3138
1331
4021
394
2192
364
3563
371
159
53
3
3546
1010
4385
3291
1341
3589
768
1289
3886
1676
3864
1792
182
248
4289
4932
3398
2198
4687
2408
4402
3312
1766
2222
2911
1447
2225
287
1575
2617
1459
2131
2378
2256
3762
3835
1135
2140
1384
244
3020
2210
4580
4959
4642
2420
3737
4776
796
2075
813
4876
2993
74
2876
382
3976
4789
4254
843
1580
106
3030
1836
2032
2702
1173
3468
692
3611
2775
1035
1937
833
2012
2258
1098
1051
1465
1096
4715
2835
624
1653
1478
4840
3069
2629
4932
839
3235
3070
3897
1888
1863
486
3203
1219
2034
3063
52
3307
1685
4388
1110
3785
1168
4089
2614
2908
987
2709
3596
743
1913
323
1370
2339
1890
4058
3147
687
2400
4394
3375
3309
1188
2112
380
304
1513
3612
4430
379
2153
2536
4802
3698
4040
2667
1895
3607
4182
2703
207
62
1688
3056
517
2842
1713
3503
2550
1276
1965
2357
37
4721
3766
556
1306
2147
3459
3994
3147
1219
2125
1447
1070
669
1300
1402
749
4308
762
2366
2267
3680
3406
4907
246
2165
4979
4066
2021
319
1362
161
3548
3090
3494
2856
1982
870
3702
2675
2930
3835
4072
825
689
3953
3372
4980
1695
4484
3271
26
4592
4182
4737
3283
453
4973
1961
4820
4767
4150
1471
2820
979
394
4330
325
2735
289
3987
3773
2916
4012
3834
1877
3764
4735
4360
4282
4126
1382
2085
2210
2487
3847
2570
3481
1747
3169
1297
1341
21
3804
4620
1006
1811
4689
3068
243
3846
1146
1347
3761
4649
3077
2315
1781
3655
3894
352
2003
2073
1099
3180
1951
4512
4115
242
3149
1608
273
1693
709
270
6
2889
2745
1860
1805
4866
1393
2691
2811
956
3695
4312
671
1019
4751
1977
1470
3349
1497
4209
2506
2596
1018
3018
3355
840
55
2155
4814
1916
971
4027
2110
4271
1179
3189
1424
4414
1297
2133
420
4976
3054
4961
2512
4283
3204
4139
4967
637
698
4382
19
4741
448
1918
2398
2827
2086
685
4167
4637
3913
3596
235
1508
1806
3663
3234
2535
1209
3292
2731
4782
904
2597
2099
4273
3291
3804
3282
4881
431
1079
1902
4087
20
76
3468
493
2252
3598
716
2058
589
4000
2589
1026
3008
4625
769
116
4426
1081
434
966
1427
2324
4005
3758
3206
1197
6
4034
3872
2428
1428
171
2709
683
718
2965
911
237
694
4210
792
2360
2613
1231
3290
3756
2575
3647
1908
1436
3912
2799
3928
2189
2816
571
1571
4261
2891
1959
4853
1198
2948
1431
762
187
3531
194
1312
1818
340
4493
2513
1283
3442
4213
3507
3912
3811
4679
4423
4085
478
2075
2831
2113
1963
3142
1819
2501
4922
1735
1254
333
1358
301
2932
1061
4379
2510
4055
1966
2510
4139
1322
1633
1836
4578
4637
356
4110
3132
938
2010
2139
3729
2680
3887
3190
504
2814
4213
4938
3428
2146
4648
2635
883
3939
4033
4270
2760
2627
1713
2300
4444
2681
836
2020
2312
2774
2992
2487
1222
2463
3686
2295
2449
370
16
482
1754
460
2644
4779
3549
650
1368
530
4579
7
3622
2301
1936
2334
1194
3655
72
4632
1802
2912
2686
1367
1365
734
4533
2668
1911
4042
4371
2918
2108
4974
3819
1093
906
2677
57
3310
2893
4339
619
1631
3141
2799
4086
1902
4026
1062
215
645
4003
2059
4652
4520
2427
3419
3714
2802
2741
2941
4847
2997
1410
2274
4226
856
4297
3793
2898
4022
2958
2207
1605
1973
1389
2021
867
180
4624
4554
737
3465
2400
2234
3610
921
1
1727
2779
2313
490
407
677
2325
2115
4070
3337
1863
2974
2982
3463
1266
1011
53
1896
1767
3191
382
4221
64
885
2473
4263
4571
745
3143
1944
4378
3624
1313
273
4384
1027
3625
3414
1046
2518
363
4343
4960
4284
4261
2360
4177
3373
2109
292
2182
2699
226
2005
641
2577
4245
1783
4181
1581
3113
3486
3818
1399
2217
1412
1473
714
633
2752
1658
1092
4465
1036
1963
2665
1341
1645
2013
3236
3151
121
1426
1248
3593
1827
2817
3571
4302
2122
4013
2940
3473
1284
1058
2143
4488
405
4234
4703
1938
3140
4007
948
230
2272
4498
277
4862
2590
844
1735
1268
4775
906
2270
1684
4976
918
1220
386
4705
1756
3880
1941
2602
266
1544
4253
362
2596
1402
2201
3243
831
2071
4828
275
1852
841
2392
1220
167
1879
2859
3782
3536
2454
930
1954
553
4211
1859
4018
2138
14
935
1152
194
4929
416
4461
759
3010
3552
3171
2216
156
3202
4565
3120
1333
3428
3933
1829
4083
4869
3966
1498
1744
3619
251
4058
1408
4785
2383
3087
2449
4263
2095
3018
35
730
941
587
4983
2278
2254
3370
4468
1377
262
3367
2520
4393
2418
2264
3404
2553
3287
177
3875
4504
3265
2281
3549
2378
487
1266
3847
964
3109
497
4773
2954
1409
983
4338
1595
4034
4623
2751
1455
3086
3625
659
3639
2044
1326
2306
1711
4233
1997
840
3032
1918
2262
4312
96
1313
380
1824
1470
2251
4512
3391
928
307
2356
811
3879
737
1421
4084
2782
1589
4198
3565
4215
4625
688
2892
4223
2660
2046
3423
2811
809
2856
1481
4475
3983
2334
1629
3677
2866
2063
851
4037
2138
3850
3465
1739
4338
4334
4956
1318
2156
1893
2311
3328
1731
2678
2442
4746
2257
755
663
4378
3754
808
249
361
2144
2766
158
1874
1976
3038
1215
4976
4774
2809
4085
1407
493
1280
4798
3029
4001
3952
1224
114
840
4208
4573
4015
4542
3454
392
195
3248
3518
3752
380
580
4356
4706
2276
3055
1909
3723
4753
3383
3617
3782
3809
4610
300
2147
2733
1941
189
3961
638
4186
78
1381
2774
3868
3045
3699
193
2077
2434
3693
3235
1371
2986
1986
1331
3790
