1347 5482
3093
2997
4180
3801
2543
4600
2838
4586
1035
4063
172
779
4553
4023
1440
2398
4758
3790
1350
322
285
3502
4151
535
792
3284
1153
161
711
2102
765
4711
2239
797
1522
1620
4887
255
4696
1734
568
2511
3847
1229
4419
553
41
4742
2567
4968
1165
216
1307
643
685
2319
4176
3504
2298
4312
2211
519
3327
1388
722
3939
3404
1968
2885
1996
3612
2283
2239
3136
1913
2354
1164
891
742
377
3509
1653
2428
699
130
139
1801
3804
2664
256
2167
549
4915
253
633
4440
2182
4695
4507
4532
2896
633
2050
1499
2289
4249
4858
970
1997
2055
3367
1329
776
1387
701
2211
1395
1262
108
3664
662
205
1814
593
159
4865
731
3452
433
882
4576
2737
2841
4437
4459
4228
3293
4707
4842
933
1310
1380
1956
1436
503
4492
2679
3928
766
749
4660
689
2755
4397
3433
4900
1998
2074
3117
4288
3398
3091
3953
1511
3895
840
1733
439
772
1141
785
4834
590
1435
4229
2427
2931
135
4586
993
2162
1727
963
1560
2630
3354
1510
2662
3281
1528
2040
1772
1403
762
816
1750
2723
1435
3986
2989
4885
1799
511
698
4045
2250
4890
1149
1243
4725
3782
3360
1064
2020
967
2541
1384
1979
599
1807
111
2571
4890
2544
2721
3880
1171
1390
317
4741
3312
4315
3201
4937
1372
4125
2444
2483
2860
4036
496
4052
2692
3643
671
1381
1378
16
3056
2417
4154
4535
153
3708
1580
3363
4727
204
3860
1566
388
4510
489
284
2392
4892
1320
3915
2043
486
3505
942
386
3918
4338
1499
744
1489
2578
1024
3023
3427
2929
1781
3791
906
3471
1110
1670
3574
554
4920
976
887
508
806
4841
1543
4443
2604
3425
4305
1410
1308
784
667
1809
319
2066
952
1937
1655
1836
3777
2739
2682
3504
1525
2833
553
1277
1142
4061
2826
611
3175
2576
1451
2037
2546
3822
1464
4895
3382
4840
1926
3434
4490
1561
1
3678
3075
2734
4187
2456
2780
2768
3414
3956
390
4996
1044
2613
605
1180
933
1610
374
119
2905
2875
4942
1975
3806
3549
2389
4578
244
257
587
2347
3639
644
321
3001
2717
2483
1363
2800
1121
1909
948
2894
4823
2149
2434
3153
3089
4552
1716
776
3209
892
2474
415
3375
2506
2388
87
3294
2813
3006
3517
3602
4587
2082
2754
1997
1388
462
4915
4450
2376
4647
1985
4249
1534
3718
2979
2413
1035
4522
867
3290
2567
3271
4559
955
3678
1373
2281
995
4533
804
25
994
4852
214
2921
3594
4355
4325
1793
787
864
1560
4708
1804
1520
3784
2026
2994
3683
1343
1464
3662
3485
467
2117
3298
4466
4799
4055
2852
4026
4652
2421
1191
2342
198
3646
4734
2906
513
3946
4018
2203
4222
3879
4550
3034
808
1727
3193
1681
4428
2319
491
3870
1048
1939
892
1062
2283
1984
1793
2308
4694
787
5000
1218
2745
4825
4991
3734
2129
254
4000
3945
2097
2601
208
4413
1278
1880
2336
1933
2416
168
1762
4121
2005
1864
728
681
4832
2398
330
4498
458
1338
271
1663
2192
2266
4598
946
590
4661
2093
2971
1041
428
1081
3632
1691
118
1255
2902
875
427
1651
4278
1411
1939
4071
4332
1454
3072
3327
892
1481
3121
818
2654
3642
3761
67
2748
2854
1176
3929
3881
4375
2823
131
540
4622
1369
2288
1308
605
496
614
1791
649
3438
4849
742
4782
462
767
1963
3379
250
1962
1422
2519
4086
4638
3060
1963
4405
2803
2834
2346
538
2668
2928
960
1698
969
4897
1031
1992
299
977
1111
1536
4566
736
2142
3544
1060
2287
2310
2436
527
1224
15
1162
62
4907
1501
2325
2356
4246
2131
4701
3590
2693
2671
1695
2108
2435
3504
2977
4169
4103
3574
1473
2926
90
3329
1670
1660
3847
4980
2223
1537
1340
3715
963
2052
3721
595
209
3892
1327
2833
1729
1215
1906
1197
3626
4783
1482
4608
733
3577
4767
1052
4089
600
1139
1756
2249
2912
1036
1404
4987
2055
4841
362
2075
2601
2341
1684
1159
2987
538
484
3948
679
49
2362
3745
738
87
2320
1754
2763
2281
4876
288
3070
11
3305
831
279
653
4911
1704
114
288
1932
3368
4890
480
4987
4417
3953
1602
276
671
8
703
4764
2214
4295
2857
1543
3986
551
2294
2451
1574
4014
555
3015
4953
4883
1371
2139
1182
250
2800
1794
2396
3922
793
101
1518
2605
3565
4866
4890
112
398
2549
4255
205
2657
1877
1819
885
1166
4499
4515
849
947
3390
1368
4122
4806
2507
62
2967
754
243
3157
352
41
3332
4061
729
3195
1069
2118
3721
302
940
158
2491
3375
4851
2167
596
4360
3979
1816
2495
2618
3327
3274
4357
1141
3740
46
273
781
39
2173
1651
2391
368
2552
2147
3821
397
1009
4753
3454
706
3578
3914
2154
1152
85
3869
4748
1003
707
1607
2489
3649
3089
996
4040
2416
1207
3447
1074
2566
1339
1484
4956
1903
2022
3348
4259
755
2741
1177
3071
390
3235
970
2699
3396
2612
2241
2612
2388
1789
2882
4039
412
2443
103
4040
118
1450
1971
313
2209
71
4795
1184
4715
3103
3396
4884
278
1633
3848
2009
152
3449
1659
1969
4432
3774
669
102
4333
1263
913
1773
529
2186
2862
3549
1742
1509
1827
1505
4208
4233
2720
4698
1123
2027
4554
4329
3494
2292
3744
4995
2393
1372
2716
2949
730
4042
3164
82
814
2623
634
1219
3911
1845
2272
150
2729
2186
3272
4843
4033
1137
3211
3763
3992
2858
56
4481
1860
240
4727
2469
591
1988
1847
1879
693
2568
4389
1753
3584
4967
4645
1160
4094
699
2526
1068
2366
2647
1994
382
1318
79
4875
1818
2264
2492
2940
3789
2063
212
3014
1208
2077
3113
3794
1558
2950
3256
1359
1722
1010
758
2588
1405
2078
4478
1864
935
2717
2126
3488
899
390
1803
905
1408
430
2889
1679
3956
3879
1160
4405
3164
3648
3163
4270
274
2527
3690
3979
4007
932
1987
69
553
3024
2589
1950
4022
3623
453
3683
729
1969
3501
2381
252
3519
4377
4017
2711
620
1251
3124
4928
3722
1154
4954
2340
1375
1207
4505
29
3343
1784
4202
3229
4020
1960
1264
4241
4306
3062
3316
4161
2008
4349
503
3479
4877
117
3665
1038
919
103
2979
501
3490
631
2336
1396
3374
4053
313
854
474
1108
833
4544
2384
2663
1709
2913
697
4912
3553
3114
82
2203
1055
856
1159
1099
1377
3712
1943
4315
129
1290
224
1272
2798
1033
2101
2461
1130
2186
101
3215
2315
1171
3526
4522
2007
3766
873
4867
2067
3926
3232
2440
476
1256
2333
3380
1103
1534
3949
4168
4159
2808
1741
590
3070
1404
827
3648
4574
4904
1616
4729
1967
805
853
1577
996
2399
2388
4087
3569
26
424
810
328
2031
3376
1385
532
1327
192
1924
1469
1279
3632
1162
2542
916
3680
740
611
3993
4420
106
4615
1631
1933
1548
941
2357
4409
1564
3205
3104
324
3354
1753
1868
3111
4600
1624
940
320
4064
3579
4262
337
1162
2647
2306
557
1618
4866
4613
3456
1634
4353
625
1263
4140
3153
3519
1113
2426
3157
3104
220
4793
1016
4632
3674
3115
75
4244
909
748
2665
2262
4073
4368
784
494
2745
611
2011
4331
285
2201
710
1322
266
1039
2370
3710
522
1329
1042
993
2630
1294
2268
3826
4978
4849
316
600
1000
4121
2718
2654
3135
1851
859
2495
692
726
141
355
3706
4759
3022
4979
2295
2078
2374
2626
1207
3529
4284
4300
1468
3240
4783
2595
246
553
3285
1464
3256
541
619
223
827
818
510
3046
4543
258
2474
1767
3599
92
1057
4411
396
1842
3142
2906
1741
4883
3506
1041
878
769
183
1491
1014
1581
3116
3243
573
2818
3904
2160
2070
3007
