4606 4491
3800
4570
2408
3254
4414
2657
786
584
3349
3594
800
3363
607
3667
1736
1220
1672
1665
2600
609
4848
4015
2915
3213
2508
2623
3328
2493
321
2000
4899
1272
3387
2193
3553
1218
2525
4989
694
90
2689
2415
2297
269
4347
359
1738
2746
1569
798
826
4648
3222
2238
644
4908
3671
4550
2547
4040
2253
13
1021
1432
2477
692
526
2846
1100
4417
2775
2057
3678
1873
1737
1009
1897
310
133
2359
1789
745
5
3931
1728
2650
3520
4869
175
2902
3362
4256
3967
1928
1314
363
4781
3819
4729
3290
1714
4942
3224
2797
1732
2841
232
2136
633
4583
1383
3251
2645
3853
2458
4602
2269
1034
774
1895
420
3527
884
1534
1783
2513
2437
1826
1053
813
25
846
3297
203
3774
4759
4306
1678
1359
1112
282
1651
1571
1981
4254
2328
1360
3717
798
1119
2719
3778
382
1066
2153
714
4372
1177
1587
1875
243
242
510
4098
2663
1249
2243
2149
2593
3537
621
4618
1230
4625
1782
4639
2707
562
2351
2548
4459
4040
1906
4982
1469
3415
602
317
3295
1968
2046
2168
40
1164
601
4775
3445
1000
2526
3081
3218
1825
450
4087
675
1258
4186
1216
59
2276
231
1583
2212
38
271
3963
1592
29
2662
3613
4697
1877
2101
4959
172
4192
3249
2123
2699
2551
759
729
3146
3743
2439
1861
1474
4478
1494
696
405
2214
33
526
905
2296
4222
849
169
3085
621
3092
4839
4233
1120
338
3567
433
2263
3535
4832
3638
4695
1103
2012
2515
643
2270
3835
3548
4731
1504
1042
607
412
3298
4738
3103
4016
3064
3118
1318
2000
2152
644
2539
1783
3455
1888
2013
3913
3923
3838
2175
2092
809
3719
1852
3278
1624
853
1212
3231
1590
3002
2016
2488
4729
3030
4922
988
864
2328
4489
3478
1715
847
476
83
2832
3840
2620
4170
4648
4363
2407
4561
3753
906
2562
2721
4381
2442
1551
1340
1739
2125
952
1006
4941
2990
2626
1483
105
654
3381
1431
3612
2607
3059
4788
2052
1328
1431
2623
748
3408
4297
3715
2206
4950
407
3811
2516
1936
1589
2786
3335
1914
4024
1477
4964
4178
727
2923
1708
3530
4267
3628
4426
4901
3249
2976
2531
2758
1414
4097
2017
3093
1906
2252
1808
3731
2704
548
4453
2256
4685
3536
595
147
2791
3037
48
3506
608
3279
4959
1282
2747
300
4423
4593
1414
2809
4053
3042
3792
2577
1925
658
1709
3947
4959
1633
2264
1628
2832
1442
2680
638
1101
1638
910
1751
4655
3541
1598
3828
1980
4047
2140
839
3082
899
4793
222
3698
294
814
1207
930
694
352
4817
195
1239
3989
2676
3972
422
981
1684
1967
1100
4757
610
2467
3669
4360
1396
2185
2929
95
4333
1867
1459
267
4464
1914
2432
1287
3361
3167
3450
4123
261
3884
2174
4967
707
3947
2475
709
347
3671
821
2267
70
1379
3928
3039
3885
3360
2768
1979
4031
922
192
4891
3094
1445
2810
4508
1041
2524
3223
648
151
226
2263
4383
2970
4741
1002
4856
306
4527
1288
1864
1980
2967
4479
346
4210
3887
4907
4721
644
4607
4443
362
1984
3939
1818
796
3710
3800
498
3796
3743
1253
1368
4141
3104
856
1756
1053
1857
3446
2263
2998
651
790
66
4706
4128
4448
4428
3504
1277
4266
1676
247
4782
2804
816
4264
2761
4317
2582
3778
2534
1829
4785
2704
4445
477
3375
2109
2536
4403
3936
4442
1787
394
3321
1415
945
1858
2913
2305
497
2692
1707
3827
1217
2584
2134
4512
977
2306
4666
3207
4099
2419
2620
1792
25
468
1851
4935
1496
1976
4076
2695
788
466
4763
2640
2509
2461
683
587
1496
4123
3936
3949
1560
120
139
467
1374
751
2061
4342
2094
3549
407
1919
4269
213
1066
1620
128
3572
3115
3043
2751
2750
1729
1262
4978
3737
4026
1607
466
4784
3954
1406
1627
1154
166
1546
1128
781
2432
2381
184
1348
724
4082
4064
545
2250
4427
1441
1663
1292
4030
4699
1599
4979
3728
2826
461
1270
181
2224
2348
1403
2166
1083
424
4056
3188
3808
3810
1331
1092
3112
2545
4345
3076
2690
3206
1757
4725
1218
4857
2049
761
2281
1651
2089
4967
1068
779
1174
3844
4049
933
1577
764
4599
4336
4617
1858
981
2167
1662
492
3934
3930
4086
251
892
4694
3289
1289
787
4058
2560
3828
1911
1227
1291
1242
265
667
75
1693
149
4413
4893
217
159
3828
1160
43
2840
164
1449
1397
1251
2897
3197
4679
4109
3487
3438
304
324
3002
2042
4846
3631
95
401
3994
2055
3395
4205
543
1125
2570
3582
2644
1828
3202
4503
4024
2039
3562
3835
3102
4206
1901
4733
1457
3637
1211
3918
2594
4478
3793
2911
1991
4409
2776
2890
2070
1392
1140
1836
4307
40
2174
1070
2574
1445
1828
4196
3337
396
103
4317
4008
3023
1765
4949
9
3773
2009
3791
4158
48
832
4087
1697
907
2468
1815
1191
468
606
512
2384
4654
1440
4827
1943
1930
2441
3528
3541
3887
3444
4048
2154
3471
611
1606
4710
2972
1472
2243
2333
3843
2421
3226
882
1719
1589
352
2253
858
1866
976
2431
1352
1103
751
1789
1748
73
2291
1220
3718
1994
3761
757
4093
2694
1200
2033
3850
3874
1344
2934
445
857
4487
3026
2365
4001
2333
3023
4146
54
2710
896
1748
4509
4320
1635
2137
3124
1245
3983
2491
3376
1547
440
49
4566
3963
1169
3720
470
4983
3114
3288
2341
767
2634
291
3322
637
3678
2996
907
4464
250
1621
3057
1134
4567
956
58
422
462
2502
1661
3917
3164
3739
3379
4398
2335
4589
4500
471
200
4116
367
1466
233
4875
4079
4338
1801
2849
2994
959
1758
3672
4059
4683
1618
1066
2707
821
313
205
4603
4198
2137
3644
4117
2979
2307
2625
116
2474
1161
4679
2337
4720
4609
189
2783
4322
4617
224
2713
1187
2171
4767
4043
269
3459
877
4663
4947
1982
1754
4705
839
3598
4323
4596
3912
1116
388
1222
238
2605
579
4641
1865
567
1695
2932
4366
1757
2185
2066
107
4266
2001
985
4390
403
412
3958
1808
4408
228
3687
2944
36
3113
3232
678
2050
1207
402
1436
3547
2960
2577
1812
1709
91
1165
598
4726
4108
884
1416
2378
1095
381
356
169
1935
384
3612
317
3404
1949
4201
3042
661
1274
2724
2190
2033
2224
2788
3179
740
1504
1138
4891
2464
2178
4802
204
1914
1831
315
4100
2999
3104
1599
118
3791
4869
2375
693
449
4107
1185
3849
927
568
3236
2408
3978
472
2206
2031
3921
1846
3459
760
599
1043
2809
2278
2067
2634
3506
279
2291
312
4441
18
403
2870
544
849
227
1761
58
3864
647
2491
4669
3527
3387
2611
1650
1340
814
163
3359
3221
438
4816
3876
1373
4877
4391
1430
556
1011
4078
4785
4276
3436
977
4841
1049
3530
191
2634
1368
2638
2324
446
4004
2995
3087
3735
1453
276
2542
1926
2202
4856
305
2379
1392
3434
3261
2726
2827
3126
691
4190
4708
3936
848
720
884
3615
4429
314
2049
3027
2641
2728
1710
2467
566
3966
2888
4474
3977
1751
3654
1954
230
4510
344
3601
3772
3612
3779
1764
1189
1569
3
2961
1969
2374
2667
2361
419
2386
4002
3486
1620
2947
1614
1697
2390
1895
805
1120
1220
3628
89
3462
4296
2653
3644
91
2748
2966
1125
285
2526
954
1793
2111
2198
498
806
4113
3857
3257
2731
1232
3035
3502
4172
1439
657
3266
2237
3470
4925
387
3973
803
3653
472
3581
926
381
1709
3600
138
868
3729
813
1832
1685
2294
4659
141
1888
4689
78
4560
2960
531
3631
2677
1141
639
4392
861
277
3061
2095
2329
1438
54
386
4140
1928
1729
3197
1305
4369
1397
2976
4814
1184
392
149
3647
334
3560
4128
1774
3602
2208
2496
553
3836
4461
4653
3172
3596
4721
2274
1089
4468
1376
1164
1613
475
3650
2931
4629
396
584
3834
3128
2046
1
1986
1991
4773
4639
3772
2794
1697
4374
2062
4909
717
301
1740
828
3498
3873
579
4290
3773
694
2659
3000
2479
2367
4611
643
4996
3568
3578
3855
3455
3993
2603
2227
4995
46
1375
2549
2884
445
1882
1976
4671
3848
2319
3099
1968
1595
3573
1068
139
992
1790
1269
4461
1513
3301
1813
3435
1678
2576
4618
1891
48
991
3341
1706
1485
644
4815
4565
1501
299
2683
3876
371
4924
1499
1052
3865
2678
3024
261
3765
118
468
771
2920
2856
298
728
4666
301
1889
4970
1814
4399
1245
360
1851
457
606
811
3429
3914
421
1883
3033
3267
1388
632
1465
1502
381
586
1703
1074
4654
3595
3228
389
2955
2803
1867
4169
2148
372
1138
1634
4313
2863
321
2102
2556
4686
3087
3118
2742
4764
649
2933
3668
3954
1147
214
3595
708
2076
3267
1730
3483
4509
1803
2495
2572
507
699
2956
4145
2445
4225
1779
3102
32
3741
3304
926
529
1560
3590
2271
3850
1913
4789
1564
3401
542
4515
506
45
2712
2376
3285
3107
1259
2398
4395
160
2124
2416
4097
2823
259
874
877
397
3707
2106
3796
3388
1144
2142
1140
3389
2840
2278
2373
753
1397
4683
772
2586
4530
585
1448
1869
3940
2000
4616
523
4243
4713
4708
3632
3849
2455
2972
1491
2210
459
926
4728
869
3965
4556
2906
1290
4208
356
3397
4324
342
2050
635
1785
1427
4787
4612
3823
870
3259
1412
801
1805
4986
504
2363
2609
923
4041
2402
938
13
1348
1920
2092
2149
1161
1406
1426
91
1331
282
1889
796
3639
4412
4985
4648
1656
372
503
101
2762
718
3966
4540
4502
1424
3816
4410
54
1003
4432
1586
2090
4808
945
536
4265
813
3628
3985
2756
96
3886
450
2239
4756
2416
742
2057
4610
1020
828
1863
4249
4780
1344
3732
3752
3252
97
499
980
139
2307
3992
3302
2414
2782
3452
3470
3287
2278
143
4542
3356
1436
1659
4800
962
3381
1375
3585
539
3114
1657
4594
3374
672
32
4253
2254
4400
2624
1101
37
601
3367
2193
2547
1165
2304
1282
3953
810
1934
3723
1483
90
2243
1705
2870
2941
1137
2066
806
1613
4673
1827
4956
626
1211
2157
2389
4647
4869
3615
4414
3797
4727
66
2086
2182
2830
257
4189
2717
839
999
1916
2500
2223
1734
1469
2630
2144
1917
1029
4662
791
3425
4742
448
4348
2720
1082
2383
2490
2106
2404
3750
2391
992
3169
1546
3318
4346
4168
2271
539
2987
1926
1203
2183
4096
629
1256
3397
2721
2342
4814
547
4279
4028
3904
4725
1687
987
3366
1398
869
2617
1219
3345
605
3164
880
1016
4373
1844
3808
1218
2327
4018
181
58
4870
2537
459
3701
623
2275
3836
1829
3915
2959
900
2428
3593
3922
341
2090
537
3044
1494
2147
22
829
2095
2219
803
2944
4497
4028
3218
2086
404
1673
4777
2686
4712
67
2255
1355
4943
2644
1501
1151
867
210
4535
1399
2501
183
1917
1686
2694
3254
1925
4622
249
1112
4276
2044
2104
1624
3117
4724
4286
204
4713
2118
4085
470
808
967
1105
585
1382
2066
4373
631
561
4088
2716
1946
994
2622
1843
1466
2250
2159
149
4767
71
1497
1694
3704
4968
4684
3461
1715
2445
2416
3715
4925
4962
2726
1201
1668
4773
250
4818
2219
4814
2359
1380
470
87
476
2725
4247
188
3518
283
2072
341
2502
2236
2626
3274
4948
1007
2389
918
1244
4339
2185
4958
4640
1095
4261
2532
254
666
2238
391
2972
2028
4498
4461
3185
2492
1100
1492
2941
3891
3107
2414
3499
2224
2791
3563
2126
4222
2996
4947
4579
1755
4202
1524
4414
3099
3547
688
479
3213
3919
2483
685
715
2357
4020
1459
1128
4731
2402
3827
2893
4767
1025
4545
756
103
4620
289
2385
4422
1757
636
669
2200
1411
2214
1509
3136
4916
1563
4355
303
1235
1116
4411
264
1075
2093
1985
4882
2949
2041
3425
1302
2782
703
294
897
4021
4902
3456
980
979
2015
2008
1674
700
4067
2069
3986
525
765
1588
2630
1119
112
2603
2323
2043
188
2943
4498
4189
373
839
2614
3934
349
2832
3551
2597
1660
4610
1030
4118
1325
3907
1322
3190
1226
4739
4410
2470
882
240
3108
2630
4914
155
1686
4051
1394
250
795
3203
3009
1935
3728
3673
708
1497
2943
4973
2651
9
820
622
4484
728
3574
3706
4645
3159
3376
3645
2492
2935
3753
3984
225
4987
464
3332
1902
754
1956
327
1597
2729
4252
3062
4011
4481
2154
4028
1892
2492
2253
1810
727
1270
135
864
1131
722
1668
1050
18
666
2012
2726
4909
3163
2051
3525
1216
3600
2671
2456
4712
1222
1681
38
3570
2808
3536
3667
3093
1883
4050
3107
2595
3325
1445
2071
3260
34
2957
4094
2892
23
4606
1888
4758
499
1029
3447
4921
1298
4130
1975
90
1860
865
480
473
870
409
3818
4664
2223
2819
1184
3178
821
1679
2455
4465
1848
3804
1825
1627
2664
1992
3293
2493
955
1031
3250
1376
1426
3494
2292
163
2772
4538
2141
1889
355
364
968
3637
3462
2520
3514
1107
3286
3751
3705
641
4973
354
3466
46
307
1127
2558
3297
1547
1881
3797
4485
2694
2195
606
2060
1839
557
180
3297
783
4730
1557
43
841
537
3280
1095
2544
4307
3533
2380
3591
1636
2882
2517
3578
2174
3018
979
204
4682
2824
4233
576
2633
141
1532
3387
1362
4398
2954
2810
3036
4122
2538
2744
534
3307
3397
3787
2036
674
4435
4408
1805
808
3953
2627
2332
4570
1809
3532
1732
2708
1147
1679
943
146
2331
962
48
4771
2427
4388
4615
2687
1706
4540
2366
522
1045
4503
1058
2121
717
39
132
389
345
440
2536
902
3989
2892
2141
3233
1835
442
4766
357
1834
1787
1529
2610
4364
1301
2006
4531
1132
811
2706
4798
919
3317
1997
890
4834
619
2704
2712
461
1136
4691
3421
2647
3861
3446
1591
146
1371
1014
4837
2111
69
1907
2708
1957
2702
1480
3495
255
3127
1114
647
444
3915
2516
3788
91
2198
4570
2434
4149
1131
2205
2863
4837
3461
2231
4612
4310
4569
2031
3139
4933
2002
4103
1192
3407
2805
3580
1674
3211
3966
38
2220
4819
50
713
3647
1719
39
4290
2691
4034
4673
4990
454
4545
166
3504
3771
2570
740
4969
838
1225
2457
3389
4367
1297
3659
2587
4421
3833
26
4277
3310
3092
3843
1722
3788
4110
1390
4384
722
1588
4378
3925
3439
4915
1663
1856
178
3707
3420
4644
2303
1613
522
693
408
3219
145
3749
1416
2880
522
449
652
2088
2476
3880
1859
3584
4947
4188
3408
3289
2926
1396
2861
4321
391
4768
657
355
673
3447
157
880
4501
4294
3204
2310
509
1586
2290
272
581
4128
4551
1942
1503
4794
995
1158
3622
3157
2804
4467
829
1289
3013
4765
1936
2073
2834
2921
3
4203
3049
3507
1914
362
211
2785
3065
1586
3772
3393
4013
4939
3790
1102
3770
810
2589
4775
1775
868
2839
457
4199
1229
4754
710
3865
3721
2810
126
2906
4008
3419
901
1729
1879
1828
4404
3956
740
2541
1020
2681
394
1258
793
2727
4238
2360
1540
2982
2553
384
443
1980
4808
3890
781
1266
4784
795
3464
2014
926
1962
1398
4362
2486
3096
3008
2157
2545
4606
1625
1057
893
2251
1086
2421
4432
1517
3787
35
2492
3648
3618
948
4890
1093
3297
1835
3224
2173
1049
24
2292
3167
262
4982
942
1462
4444
2246
3697
4230
3374
3901
3651
1704
4829
4732
3942
4524
1943
2711
3389
1014
789
3480
3074
4221
738
3556
3815
1432
1001
2998
1412
2009
1918
203
1129
1246
640
1630
700
3934
3597
1885
2077
4730
414
1604
4592
2404
4965
1696
299
1043
541
4246
2465
3223
816
861
1990
3771
4750
4298
3092
25
3253
322
3741
4714
1836
3317
490
2797
1549
2665
859
544
82
581
1408
4437
2671
4663
2864
4167
1464
4056
1599
773
4332
1862
3301
3494
2042
650
3645
4238
3083
2620
668
464
3817
2611
2043
2620
3414
881
3109
1307
3848
4807
1453
3697
4572
3501
1378
457
1536
1012
1588
1103
85
4424
2884
2314
933
1080
2583
1001
1617
1359
2844
2808
2910
416
4766
4531
73
4318
2059
3282
2273
258
2758
3741
2108
4312
1258
2394
972
1588
1744
4469
3803
89
4299
1583
2253
2978
1458
4386
4294
1717
4629
2395
4292
3772
108
2913
4333
510
3293
678
4228
206
2092
4692
4184
1882
271
2633
1605
2319
115
1614
375
1850
153
2828
2916
4338
2789
2256
178
852
4969
585
378
4247
1021
407
3163
1746
4746
2342
2433
4059
495
2155
1095
3514
3539
2399
2506
340
1252
2074
3848
220
1480
2218
3146
447
601
3499
798
142
2926
2841
200
4010
3657
3444
993
691
4475
3459
4080
1289
4974
3301
65
4655
4068
1931
3827
2853
676
4178
735
1621
3894
24
941
4960
2119
3029
2377
2946
454
2036
566
827
671
1713
881
2527
3960
461
2978
4201
1275
784
782
507
4988
4502
4569
3193
3715
1742
1706
1695
3131
2231
2615
1599
2140
4547
4763
768
1855
3449
3829
2531
1225
3693
1115
3888
961
1115
1246
3465
1644
3820
4327
4949
4545
1864
971
1456
3361
2909
4899
3064
585
3926
559
1915
3131
4480
804
400
3786
2001
652
2555
981
3889
1909
2853
1661
2830
3244
4283
2066
4882
1475
4381
571
2640
353
1642
4645
776
2073
2034
1695
3142
2710
3596
1827
1346
4205
1778
790
2251
2779
2161
1572
61
2105
1717
4598
3189
2717
757
29
1930
4931
3347
3788
95
1115
2279
3569
534
221
1892
324
4247
4779
1090
3699
3617
3901
2358
2533
1704
1963
983
597
3760
3542
4762
3426
2185
3416
3753
4525
19
2094
3375
570
4900
3898
799
2635
2328
2726
2373
2689
4552
3558
4981
3492
1862
2989
2740
3261
4200
1571
412
3234
2027
4453
4947
1922
1681
4637
3037
2746
1926
4524
2977
1343
4600
3725
1930
852
629
2668
199
2358
3242
4151
1453
4150
1601
1492
3812
3415
3754
2211
743
4554
1229
2765
2216
1214
950
4525
3443
1155
4218
2941
2113
2185
2450
629
464
964
398
2288
3001
787
2444
4439
1219
121
4913
1898
4606
1947
1790
571
2338
4436
991
2798
193
318
3904
1231
4866
4953
1720
3298
1655
1529
275
184
4562
3914
3155
1825
3699
4551
3391
1149
3357
125
4902
319
3906
1769
2141
2188
1156
3729
3656
1336
4486
601
4630
1755
2802
3076
816
2938
532
3462
611
4048
2982
456
3675
1839
589
4812
4722
1017
316
3313
698
332
1944
2609
4975
2070
453
2017
3665
4860
2687
3552
4088
873
3346
964
3377
3902
814
3890
633
2189
4013
4540
4991
3658
1719
616
4718
1860
4073
3646
2450
4672
3169
2082
1172
4607
1853
387
945
1241
532
779
2880
1674
2660
2793
2299
2388
1022
1603
1621
117
4848
1623
3926
3
2121
3900
1835
4805
4970
3284
3569
3539
3475
157
4018
4201
2580
1433
1449
3048
4045
4010
4547
557
271
4242
2040
4294
2197
514
32
1122
4973
897
3329
3289
2740
3416
1400
3756
1185
3659
3485
3526
2976
4690
372
795
4386
945
4921
4776
162
2325
3972
4467
236
1960
2541
2444
4057
4655
2498
2340
1710
3058
4303
2324
2038
1339
3917
3698
1492
4403
3190
3688
998
3121
568
950
2927
4524
1592
2849
36
2692
1745
3659
513
4099
4773
4356
2772
410
4754
1449
746
305
4513
3917
3856
2199
1763
158
4197
4419
4165
1705
3319
3546
1814
696
1155
434
3255
619
1801
4430
2562
3933
1359
2547
1261
3944
3724
4818
2713
3907
2832
3040
2110
731
91
2338
4722
1976
4275
4117
1682
3258
466
3644
960
451
2622
3979
4957
1135
2275
4748
1296
4401
862
3464
2256
4815
2051
3969
1927
4018
3786
933
1271
2895
3013
4293
4985
3537
3462
2103
1500
418
1110
1753
4491
639
945
1967
2771
1604
256
438
1923
2488
478
1210
4564
274
1032
2373
2587
1092
559
2393
4964
2463
184
2416
3849
2536
2398
4026
3708
2185
1445
3023
4074
4995
874
4405
1560
3930
994
3948
1362
3929
3960
4416
1017
16
1467
4663
2293
1059
2399
2332
2180
1189
74
3947
1090
4981
3482
1501
3881
4488
1342
3262
3242
2799
1690
574
3909
1410
3951
2309
3942
4468
3426
451
2705
1737
68
55
3286
2086
1922
1629
2936
2216
2605
1245
51
4656
3020
4882
3620
2949
2657
632
2942
2179
3274
3490
4498
339
577
2675
326
1466
3830
2651
1737
3990
3299
2884
750
3422
4040
438
2735
3385
216
4023
4788
4194
1843
1023
3317
123
926
1180
4292
1272
3872
4905
3494
101
463
84
1891
2290
2418
1392
4019
21
1304
376
668
393
2033
2109
3642
4999
1259
2114
694
4002
4688
517
1619
2719
3669
537
4748
1524
1798
3074
1553
3616
1257
1929
4116
2620
344
249
3711
545
1211
2105
3041
3338
2013
2035
3745
3218
1069
3236
1105
33
817
2692
3198
2147
4854
2224
2479
3234
963
4991
1429
4125
982
3490
426
1985
3287
1536
997
2663
4364
536
3668
1438
156
1576
2155
4971
3664
2461
1764
4317
95
1148
1519
4510
2665
2113
2525
3935
4807
1382
3591
635
2416
1863
581
4920
2527
2371
4851
945
3019
2717
4062
4423
1007
827
704
3040
2811
2215
4752
4433
2986
2685
3302
4536
4503
3964
4565
13
3441
1712
4538
779
4782
335
52
2041
2711
2539
2508
1350
1952
1351
2607
4796
4172
3622
1089
2676
3726
2808
629
1266
2787
3374
1290
2186
1982
1656
688
3395
1507
4717
92
4652
4288
1243
1183
3972
3553
1096
2222
2302
2388
3728
2326
1141
2092
831
4958
1052
305
4673
3522
4018
2856
3024
4252
1579
399
887
389
4322
2012
101
1029
1510
823
2579
960
2954
2060
1369
1042
3618
1461
2254
3651
2587
2808
1527
2750
2274
3965
2826
3271
1896
4923
2947
4747
1532
2571
1311
2269
809
260
4071
2454
305
1257
2455
1004
4002
4144
2120
3735
345
3829
4994
2192
4341
4958
3518
1466
2373
2032
707
1589
2956
3546
2655
824
19
1688
1097
3408
1952
4923
3805
2191
1382
3911
799
3118
445
3013
1915
2165
1155
594
4060
2658
4387
4480
1116
3057
1541
3283
1340
4828
3567
583
932
2091
4714
1232
4605
1685
159
2505
749
159
3084
3553
1499
1508
1154
2475
2523
3686
2185
1542
2756
4940
1254
677
2904
3804
2435
1783
2332
1747
2871
1256
3065
1411
4681
3361
779
1228
3383
111
88
1231
1843
4704
1954
1718
3313
4171
2216
1672
3730
1207
1202
795
85
2916
668
1011
4638
1970
2485
1283
3327
4159
312
4905
1446
4453
3682
4734
2351
2139
2973
1838
4860
562
757
5
4650
2571
234
2755
3550
2807
2405
4930
496
1167
4926
2469
4126
805
4645
3707
700
4643
3199
252
1235
4563
3035
2843
4408
3590
2598
4437
190
3545
3852
2265
3974
4980
2856
128
798
1541
1726
1151
1487
997
1007
4762
4340
3929
2316
2236
4072
1964
455
3389
4431
1267
2606
3066
1904
2833
2585
4739
3889
283
4535
3497
2868
4303
2332
2471
4321
1289
2413
3442
1531
3038
1903
1036
2879
3429
1356
2493
298
2674
79
1275
2811
820
4587
3092
505
530
3599
2249
638
3858
3453
1646
3996
1274
1876
23
4895
683
2834
2661
1251
2986
2645
4384
4807
3912
508
4207
83
1693
3809
1895
3382
3160
754
2481
1419
714
2272
2495
2044
1565
4680
4295
2799
1695
1745
3512
224
2035
940
2605
2976
441
4235
2233
3813
3132
3099
2282
1370
3469
4883
3720
80
2974
770
3199
2468
2482
1740
1492
2715
2683
1334
901
796
2500
394
228
4941
4641
2573
3412
3417
1763
1943
2492
1584
3592
346
4029
1487
1354
4743
87
465
1934
1653
4625
3182
2761
3875
2352
348
174
4960
3863
2819
155
553
2944
605
1477
3691
3162
4294
4448
2010
4636
2896
1476
1353
1401
2
3764
4635
3748
2866
2089
3305
3005
241
4078
2052
2604
638
1213
1686
4686
3709
2259
916
463
3473
2503
375
1807
3407
3824
1644
1391
1062
488
4272
989
332
1411
3471
4550
1466
773
215
300
331
1795
617
176
2905
4960
528
2282
4921
939
1684
911
1728
4127
3825
2241
1333
2516
2860
3741
2480
4708
3446
4026
3668
3912
2741
598
146
1771
2527
4269
2918
1871
416
4644
1701
2023
2853
3506
151
2229
4561
2368
4946
4741
4825
1467
263
2050
3108
1464
1017
736
2805
1919
4514
409
1595
1019
248
2547
2736
1153
1849
2562
1569
3214
2971
1690
150
3782
4712
4456
2219
1707
2935
1418
2582
1123
4093
715
1874
3125
2998
4388
1395
2949
687
3415
3995
430
1742
4782
2924
4063
445
3260
4630
3049
2354
769
1259
4248
3922
3780
1602
128
4128
3212
353
794
1640
2936
4079
14
1145
160
617
2803
3314
507
2099
2774
4828
4906
825
752
873
653
2190
2867
2419
1980
3444
677
4184
1961
2853
3782
4956
3397
2051
1935
3423
3199
4451
2747
2337
3996
2527
2347
1299
2627
4571
252
3864
265
4296
1379
1381
2029
2808
1877
2660
28
3017
720
207
3591
3158
3150
475
1155
2242
643
1578
4362
918
196
3686
4360
3764
1546
1859
3017
3813
552
2372
2953
3545
745
4689
276
4317
846
2272
1063
1946
4431
4481
1094
2899
1431
2670
960
1774
421
3786
1576
679
1720
3697
629
1090
2778
1057
3284
3728
3457
3568
980
3899
1058
670
3346
2749
1566
4068
3222
1782
2042
2805
2494
1733
3386
988
3194
2689
2182
502
592
1368
1007
569
1393
4151
1363
2197
99
4723
935
3130
4872
808
4165
3667
4791
640
1319
3866
3322
270
2890
2059
880
283
2030
1805
4691
1609
1477
3798
2764
3191
2
4430
2230
4948
1188
2432
3504
407
2051
2596
1071
2070
4323
4640
996
2565
1175
1641
161
3666
1487
4668
2706
1215
1940
2889
4266
279
3499
219
4507
1789
3905
2337
162
601
4622
2225
834
3660
1357
3733
3000
606
3195
2326
1175
3534
998
993
1757
2186
4752
831
1725
4855
3180
4473
2719
2795
848
2924
2837
2073
3939
505
3663
582
369
4280
25
3866
4428
238
531
4992
1550
3236
2377
57
1141
1291
2037
2861
1478
1828
58
4108
1837
949
1762
3909
763
2849
2602
2693
2889
2614
419
2250
2308
3453
4613
1376
633
2734
520
620
3099
3267
2251
2919
3515
2757
216
2845
2864
2252
4887
4542
23
1403
91
2957
660
4778
1482
495
1258
4273
2872
318
4495
1305
3198
3047
364
3237
1271
3537
3427
553
1276
1104
3289
850
3656
4944
4751
2238
3998
1533
3644
4085
3386
2162
4829
