337
484
300
832
314
311
193
51
33
983
851
297
1077
53
619
1147
1169
722
839
767
573
689
525
850
567
1116
529
871
611
294
425
671
32
897
46
1017
462
33
822
204
1165
977
576
179
503
692
79
568
1105
670
747
468
781
709
852
1061
372
1154
665
385
210
252
552
91
898
455
118
292
93
809
529
387
269
29
372
440
614
1100
203
493
263
840
696
1070
749
619
501
235
1065
864
1147
411
451
703
178
1140
367
95
730
296
351
471
250
993
1129
1173
902
913
138
179
934
787
411
983
853
758
84
922
616
1099
254
108
144
141
509
678
241
65
77
415
1171
190
140
531
136
1086
713
736
1168
421
268
419
970
1186
198
51
828
1140
954
540
260
622
1196
352
255
526
456
952
1163
459
582
385
265
61
925
85
661
1169
630
151
72
845
419
323
157
369
47
724
691
47
55
408
851
1180
154
786
290
775
525
623
185
153
514
203
1171
286
1001
709
119
1155
935
976
391
288
439
875
232
952
31
355
1059
1135
612
247
891
220
240
444
256
287
643
434
771
452
1111
567
955
600
489
363
455
731
693
740
565
1111
1169
643
851
897
60
22
244
1149
744
1055
501
967
1175
149
528
319
530
841
800
36
399
76
1015
1028
772
223
237
658
1015
235
409
1066
1111
211
53
802
65
6
797
529
300
1049
392
884
390
292
91
1118
338
988
778
224
305
690
720
585
994
345
848
736
1189
654
573
128
500
611
903
1139
179
620
376
834
118
829
494
76
133
467
329
821
380
563
423
176
1110
241
446
144
1195
1138
762
540
615
819
775
866
189
923
882
493
188
1006
103
20
107
61
174
25
127
218
232
144
162
59
47
15
68
56
153
140
197
41
58
171
27
140
225
238
57
32
209
168
136
130
192
170
161
69
96
228
203
241
252
84
33
141
240
208
191
207
131
118
189
4
39
249
174
136
127
169
59
226
216
205
25
95
251
124
191
252
249
79
157
31
86
252
222
150
99
109
8
189
33
212
130
16
194
102
27
11
112
83
110
22
98
11
189
211
218
70
201
204
109
165
14
173
