831
94
939
487
22
559
21
752
1002
446
230
209
620
1162
291
618
671
438
752
898
1118
145
544
812
113
920
1005
299
220
123
1019
72
825
637
952
1169
1192
527
647
788
227
224
365
1197
663
1118
923
412
895
144
573
122
403
535
82
254
322
977
110
619
252
432
556
844
771
315
776
530
354
228
812
189
31
410
1049
186
541
1023
664
364
325
157
1105
526
326
612
204
24
698
871
359
976
651
328
375
514
277
465
66
1059
734
1044
861
851
884
309
657
465
1174
679
1107
851
390
676
1172
1094
861
786
1046
339
1120
1122
817
275
801
250
149
132
1064
149
784
636
452
9
722
109
140
826
238
250
411
333
100
457
700
735
334
633
1042
711
200
86
12
1082
547
107
1078
622
331
616
163
400
1192
196
554
234
546
340
63
495
1113
812
227
1049
243
37
974
965
823
1008
796
29
473
698
710
871
455
225
627
380
868
1094
1183
251
755
35
586
382
71
927
259
1118
632
847
359
1107
24
1056
213
462
806
1042
116
123
931
343
295
1105
243
668
879
12
455
199
642
797
777
370
1083
767
1015
1127
82
829
387
77
974
67
282
1153
856
290
852
216
1185
233
1052
100
390
1136
624
837
931
454
875
1042
710
1133
161
1145
246
116
891
1171
196
294
1140
75
464
241
242
241
927
1178
505
234
251
974
541
186
1068
444
374
52
1142
226
265
1072
994
21
853
655
402
5
859
700
1007
944
785
212
885
421
920
871
690
284
605
1055
187
84
1085
128
1039
845
109
128
464
328
681
1113
383
220
827
61
439
426
734
58
173
642
1091
46
854
583
980
572
58
801
968
799
1064
546
1094
159
233
1052
1181
866
409
1008
67
660
1012
89
1100
74
973
987
654
932
357
54
594
257
1082
1152
142
711
718
689
1041
643
346
256
30
1118
354
543
509
497
522
467
382
186
889
54
656
399
285
544
1169
82
736
339
966
54
874
598
109
129
870
805
545
851
457
598
639
854
448
863
454
870
138
951
212
402
439
570
783
100
46
705
1024
878
965
1025
183
133
332
146
411
1042
395
371
305
582
286
1101
991
1054
45
725
609
1160
689
357
123
229
1028
461
272
192
425
22
579
925
76
472
92
1013
186
733
990
273
580
677
774
949
448
811
38
415
817
167
3
736
904
166
1004
491
171
247
684
587
917
167
882
10
813
672
975
543
492
45
911
519
1161
1009
187
391
887
889
1022
1105
946
367
71
454
134
368
831
123
289
16
716
1118
346
125
532
1019
33
417
150
554
536
652
1125
283
419
689
7
37
140
79
1037
267
26
964
852
993
563
845
764
1165
784
1089
533
145
832
798
19
616
1071
195
106
575
1064
305
506
710
809
1100
401
7
406
342
365
454
433
797
817
1193
936
452
250
634
1071
480
674
379
1056
36
613
874
736
63
834
53
851
803
276
319
467
1162
610
244
1181
116
436
121
1149
1140
743
648
524
1164
258
218
774
310
746
661
225
5
1043
137
186
475
296
933
34
1164
781
1103
42
290
706
148
922
595
971
269
904
528
110
611
695
607
508
1012
462
60
724
855
475
555
821
124
791
1184
690
743
12
851
283
494
1124
702
937
145
644
649
1177
570
105
665
334
693
578
452
576
1121
350
1080
953
743
407
1148
514
860
63
1143
985
706
41
512
598
867
252
677
446
16
1059
336
1048
103
105
519
334
691
195
1155
86
457
398
515
17
208
444
498
1108
480
792
70
149
1135
178
43
1000
871
439
463
955
668
176
159
894
588
1167
1026
967
968
933
852
85
835
775
982
836
616
610
900
209
1057
348
583
558
965
637
988
1175
1057
479
1172
582
330
962
238
516
754
899
850
1058
970
269
63
743
247
464
56
330
24
817
666
642
6
547
529
155
157
597
443
1037
458
843
717
952
757
81
773
866
1137
621
991
533
802
645
956
242
430
225
416
858
1015
946
219
287
984
1011
91
854
62
127
848
544
841
179
640
457
659
358
283
816
576
198
914
1160
1127
132
883
223
320
263
243
52
101
221
26
210
54
217
36
8
10
132
184
201
22
119
221
214
75
46
73
193
77
126
184
94
136
111
130
149
185
164
206
88
3
169
18
227
199
238
5
246
190
83
18
22
11
46
31
34
243
240
66
170
107
169
124
249
51
119
37
175
76
200
98
19
49
238
207
225
80
56
227
13
116
89
43
15
152
12
93
221
161
84
66
215
248
81
234
202
108
164
90
188
237
96
159
85
246
202
247
197
201
124
32
83
32
235
164
105
145
179
198
133
75
148
201
112
90
87
204
49
102
9
70
38
73
155
247
189
235
227
243
5
219
208
28
19
241
50
252
53
45
221
237
96
163
231
50
15
94
225
114
35
79
164
203
198
109
204
248
81
72
194
33
113
133
154
191
104
108
242
195
7
100
140
163
154
163
61
175
216
131
132
68
229
165
53
203
10
48
152
184
153
158
160
153
86
167
49
79
106
216
162
243
21
197
230
11
123
122
241
87
108
192
165
60
135
225
222
228
149
196
182
123
126
134
93
70
148
133
130
64
47
192
123
216
214
97
83
169
72
76
104
28
170
195
84
127
7
111
233
156
217
52
40
251
116
199
158
18
103
20
