28
12
752
200
242
737
591
23
773
604
1138
976
650
270
396
631
708
92
1112
908
761
890
1038
682
960
252
1122
50
285
237
108
153
155
98
202
186
146
215
98
192
134
160
83
79
92
136
80
177
62
238
91
87
179
72
103
159
142
184
23
240
100
155
72
6
226
116
124
184
76
221
51
75
149
40
132
132
230
243
41
73
117
75
80
42
8
35
59
168
132
170
51
22
247
199
77
116
70
24
147
245
246
70
21
14
112
88
224
203
66
55
245
38
185
88
7
166
7
219
6
234
63
247
26
225
115
149
129
218
176
167
193
119
68
199
33
27
174
118
92
92
178
171
50
105
178
36
123
165
129
60
219
61
51
11
145
238
227
60
7
108
93
184
40
251
109
115
96
235
185
217
110
11
50
101
159
106
225
168
54
243
4
187
215
149
215
60
245
149
28
161
71
150
69
201
217
88
5
53
18
73
17
16
150
174
35
204
89
220
212
23
159
74
74
156
125
134
145
36
146
244
32
251
208
108
142
171
162
10
44
104
220
56
10
168
176
225
109
56
149
228
43
148
223
9
208
110
107
180
181
88
61
43
137
108
151
46
13
232
221
110
137
247
114
85
8
66
149
