39
625
1132
372
387
854
860
589
913
1037
832
128
102
17
1053
1043
129
1011
810
1039
567
709
135
1155
1113
375
672
475
339
1087
258
1138
998
1022
542
198
1048
929
844
588
262
42
224
212
23
176
167
239
145
85
38
3
212
215
126
76
68
116
130
63
106
73
162
103
244
180
211
138
119
113
32
56
20
6
208
193
130
52
110
86
14
78
100
119
29
219
195
244
158
119
101
21
7
45
68
94
179
47
167
57
121
120
247
252
15
61
128
177
205
68
228
164
238
169
101
150
161
228
113
39
176
193
164
242
6
44
119
107
195
81
56
210
145
201
108
220
114
86
149
130
160
66
58
75
165
125
73
84
116
196
228
199
28
27
54
200
149
130
110
188
230
173
78
208
250
215
72
48
215
151
75
30
171
91
123
117
59
31
114
207
216
44
91
212
68
251
163
142
61
98
97
137
174
138
36
8
41
238
86
17
128
160
153
183
64
155
8
35
164
109
3
114
133
4
80
173
134
79
41
147
218
232
158
144
129
121
179
76
221
64
155
105
166
155
199
169
215
59
34
232
158
183
208
213
103
236
60
121
245
76
109
121
179
48
162
75
113
125
144
245
93
26
24
183
123
243
11
170
79
75
103
58
235
233
18
171
230
193
190
60
169
216
197
214
82
86
200
246
178
55
192
86
27
142
15
102
190
207
218
123
247
225
64
