789
702
51
1079
498
29
705
1030
584
1187
0
209
19
861
303
55
296
1007
665
505
766
305
581
484
117
1125
10
446
1112
588
999
46
1199
138
914
1
345
439
272
443
840
519
661
411
349
380
716
1138
949
219
904
116
356
397
956
1135
993
454
744
1165
1186
395
517
773
58
47
20
599
991
991
449
55
113
64
478
153
217
1173
333
526
766
709
285
206
77
636
810
711
826
768
798
692
34
567
476
737
339
119
494
654
302
1151
1165
803
1116
532
530
243
223
206
843
596
58
309
1040
62
484
549
806
241
1112
970
579
460
992
856
1043
987
820
393
1179
497
222
781
220
215
160
957
91
67
72
17
430
140
130
163
457
684
206
339
313
1048
276
1147
817
205
773
214
1092
1099
900
621
306
1062
869
979
582
74
181
82
47
447
1051
404
1054
77
45
935
575
546
21
1163
268
114
133
269
62
638
168
857
965
936
876
75
858
389
77
839
691
1156
948
1067
407
47
224
833
706
688
131
601
155
390
1184
518
677
807
899
55
515
311
82
233
1007
554
370
971
604
631
222
323
554
95
452
223
1035
76
767
1071
52
604
876
721
309
1104
727
732
717
1056
182
273
632
50
1162
158
634
1034
273
1078
768
1044
926
158
85
912
349
408
178
510
433
1013
490
218
897
71
69
681
595
1029
667
1013
183
307
388
452
200
177
829
880
894
178
958
755
455
736
1130
722
55
765
6
1004
222
957
925
946
73
739
723
856
907
570
713
1021
301
453
544
328
468
504
82
451
211
536
269
973
688
80
273
1163
251
983
605
1182
876
30
629
427
108
1102
374
838
968
577
205
144
929
895
149
756
1015
749
15
668
327
1169
519
841
114
216
4
195
208
268
352
717
949
160
1177
557
739
446
584
907
752
1108
800
1144
218
329
137
192
168
822
125
1171
1106
803
242
944
100
431
314
1139
463
773
439
81
576
907
83
1025
661
76
95
654
1085
1049
458
1162
720
667
196
565
431
301
276
127
77
919
1159
1178
558
781
362
771
974
202
1082
258
566
295
1129
143
762
913
372
376
135
58
1107
209
75
1038
432
811
1189
1192
700
792
559
1046
46
574
312
155
413
490
103
1043
880
534
909
1084
900
478
331
1092
334
976
980
317
978
611
692
184
708
105
369
369
700
247
768
1159
831
340
331
335
267
688
434
697
1155
712
240
163
1052
1191
479
396
55
1199
78
716
609
920
434
67
103
1000
1179
1007
685
932
1017
849
193
1093
494
642
460
15
645
978
313
558
68
1186
9
898
1182
995
21
396
1100
638
902
1081
829
693
50
287
1035
873
231
406
577
894
669
921
1162
524
599
173
682
456
1147
353
819
642
66
438
1009
336
114
96
1191
331
266
862
702
120
269
263
234
809
18
390
448
949
411
919
501
102
294
1026
281
177
305
248
628
220
1121
11
159
651
628
963
742
347
612
1054
1068
354
799
968
16
950
1094
27
126
1022
1027
392
393
86
623
695
536
807
18
635
607
534
476
106
656
187
147
572
993
998
990
338
607
717
1170
649
67
264
347
1150
468
465
845
84
1166
294
171
723
945
225
808
116
781
474
700
667
156
506
809
436
256
500
814
721
192
48
956
1026
1117
151
664
518
457
550
544
146
122
1036
754
80
60
1190
377
665
453
254
568
165
908
655
1004
178
460
797
974
900
1126
130
326
460
773
379
38
1180
342
229
390
602
1143
994
763
787
463
1184
254
162
335
124
58
961
887
595
742
127
508
169
324
594
537
701
232
687
1091
381
1165
8
162
6
37
421
556
543
624
998
932
998
351
1064
1156
1099
248
70
534
732
1085
386
249
624
760
916
417
1112
378
82
0
819
1109
529
853
929
390
475
434
826
295
817
1138
208
163
66
250
258
556
237
80
259
282
932
377
874
112
137
122
48
145
147
14
243
191
221
182
69
212
46
145
124
248
228
221
73
183
59
189
154
139
29
74
223
139
101
252
213
182
110
11
219
184
167
148
161
44
235
4
69
76
153
111
188
9
246
165
113
239
228
238
106
61
181
248
171
140
181
17
159
99
87
28
110
149
242
85
119
12
11
223
44
151
90
8
211
53
186
250
219
145
62
10
29
87
190
226
80
212
154
37
171
139
25
62
83
74
212
71
129
139
90
137
43
55
12
155
33
87
