648
72
593
124
618
349
364
377
1176
680
700
231
109
248
434
311
1004
756
200
728
467
559
678
720
1154
506
792
990
909
59
1087
1053
112
701
359
1196
916
472
457
700
223
242
242
201
32
1126
228
1197
1067
644
859
1073
33
985
66
677
613
721
471
1186
186
666
301
669
929
491
369
959
209
932
431
340
279
1096
853
305
1057
1096
248
409
6
930
486
49
569
810
1180
962
13
1079
1193
1119
1050
194
290
552
368
410
375
319
380
780
358
169
89
1169
1071
294
1145
999
168
468
1124
261
722
289
240
57
875
96
642
741
1029
655
932
506
1159
86
1000
1123
1042
962
315
645
711
594
1085
853
343
514
64
123
619
1127
1183
581
693
41
321
527
839
376
846
498
706
808
369
74
370
863
142
589
520
1
1175
633
328
361
90
237
37
523
125
362
137
1111
732
1131
73
1009
562
531
1128
495
358
1030
1130
419
408
155
860
506
477
992
643
132
295
495
578
884
952
31
32
1034
376
126
986
815
613
478
84
417
1051
61
725
1088
309
586
324
776
1138
644
894
880
539
517
922
402
419
95
366
348
512
550
194
583
842
702
1030
70
658
118
832
1072
85
54
120
290
913
68
360
623
118
717
334
985
624
371
388
85
565
242
290
441
698
327
2
889
955
355
101
643
522
140
372
840
1000
452
761
572
178
1183
990
591
1149
863
646
1021
949
626
187
67
723
287
152
819
861
1196
584
26
18
228
95
239
54
1063
72
767
75
386
798
1079
737
624
286
530
975
945
188
996
1090
315
1078
725
389
62
519
210
914
1084
284
352
344
841
172
530
590
1167
83
1022
662
389
912
955
1078
417
832
142
643
107
26
917
446
196
205
1187
404
808
54
109
224
480
663
948
420
1162
260
1060
425
460
543
797
1187
743
519
448
616
345
28
1116
977
374
983
1161
274
728
328
68
647
1012
1055
1085
16
398
959
14
1007
0
1151
77
175
311
99
163
679
175
1099
910
351
992
427
195
643
841
1051
1080
85
492
687
738
872
474
953
106
874
352
1133
133
705
610
806
628
185
951
151
617
1085
21
565
828
549
799
323
77
110
156
558
122
688
634
138
883
236
402
908
780
901
14
857
147
289
360
79
403
255
741
147
8
347
898
459
627
1023
301
765
640
925
40
423
311
875
793
289
912
77
85
80
1083
1161
318
620
414
407
1163
596
688
8
232
352
102
521
765
327
1003
120
467
18
790
438
1027
672
534
733
305
892
353
771
490
797
558
512
426
60
511
1117
242
43
276
557
40
1108
219
304
462
943
252
70
119
760
213
577
263
993
689
1102
331
851
254
998
394
251
222
127
298
563
238
312
1029
110
630
709
109
712
737
1032
206
1085
174
529
915
585
117
743
908
272
670
887
430
255
46
780
620
466
163
545
516
631
547
835
973
115
816
393
544
1140
47
680
324
23
72
514
702
203
464
944
793
294
278
576
787
102
587
384
1000
1098
933
91
162
50
406
227
129
612
1000
561
312
1121
1196
233
56
199
356
161
161
408
237
1059
166
11
784
384
448
178
747
312
182
171
492
248
144
22
145
210
22
19
126
109
8
246
38
103
240
119
53
68
180
92
170
16
172
246
165
155
176
116
58
130
140
141
71
211
149
107
35
72
191
250
28
82
151
185
137
181
47
67
220
150
239
59
128
86
174
156
139
193
119
228
226
183
189
38
77
102
223
107
193
30
65
88
21
242
227
229
217
109
74
164
243
53
52
148
108
195
90
144
73
106
142
79
221
216
208
19
82
217
92
218
85
93
65
149
3
69
148
86
158
18
87
178
208
92
10
215
215
36
12
92
249
20
239
101
161
217
76
52
208
132
95
153
82
177
204
95
89
123
5
123
152
196
219
227
5
195
147
