79
1182
841
692
1007
1016
651
680
768
317
253
89
834
974
965
444
721
871
530
891
721
465
345
680
93
647
1049
206
1008
488
438
522
1080
77
1139
683
359
188
865
134
380
620
728
1069
1185
329
83
721
406
1018
1041
885
527
561
793
757
970
19
702
743
259
377
899
768
219
918
465
810
1174
234
838
645
243
1047
496
188
338
370
1066
345
214
102
78
52
7
37
216
96
237
4
230
142
12
154
161
252
65
148
223
131
194
87
200
184
188
46
105
70
107
64
226
88
238
33
95
97
113
33
140
12
122
74
180
125
58
63
202
151
44
103
75
241
27
139
122
100
32
151
55
207
198
26
107
3
149
68
64
112
75
201
27
251
179
57
224
83
226
160
54
140
243
148
176
67
215
94
182
136
37
149
22
44
62
65
17
49
238
226
7
164
117
147
79
44
37
136
45
196
163
40
218
91
227
50
39
135
230
173
156
68
71
33
242
54
207
240
219
79
196
184
143
147
245
173
202
208
110
113
233
210
62
211
3
88
6
126
51
230
198
68
129
98
7
147
125
20
27
81
52
104
141
7
43
235
79
124
125
25
209
142
231
163
249
239
226
87
78
98
220
161
237
221
211
87
183
223
203
21
248
136
76
64
161
55
170
197
93
61
107
205
164
247
141
153
100
158
227
244
153
58
247
105
119
81
37
