90
332
541
311
339
357
371
442
993
889
229
676
609
1118
263
205
1102
483
700
440
109
867
1166
648
374
590
65
485
192
1177
179
112
731
1077
295
1188
900
718
114
1198
1060
933
389
846
1066
848
540
893
587
896
790
881
1175
179
263
320
941
652
138
642
674
336
155
937
190
49
36
917
1079
32
70
323
418
255
106
1126
503
629
824
1097
901
325
1080
772
246
273
168
1133
132
827
110
284
195
112
118
105
125
69
230
162
20
175
121
45
77
207
112
214
138
32
128
172
188
200
227
230
43
39
217
109
151
78
118
147
184
64
220
153
36
143
167
220
118
125
243
73
242
251
13
220
204
33
192
83
173
84
163
155
197
223
235
187
137
18
166
74
225
164
112
171
157
74
65
70
90
90
103
16
78
117
30
220
224
249
197
252
91
87
52
29
148
180
163
69
50
108
167
49
44
156
141
205
113
175
212
48
109
121
226
117
4
153
151
246
98
244
178
48
131
213
206
24
125
144
221
30
58
250
52
56
162
156
193
38
226
171
12
90
194
117
49
148
168
137
179
204
3
164
122
188
193
215
107
201
188
199
137
103
239
80
68
185
178
90
175
247
210
60
242
114
195
95
52
153
132
45
111
171
158
5
37
107
128
63
74
226
155
243
121
76
136
200
120
239
200
238
179
145
30
17
30
125
185
103
215
182
170
105
241
102
114
59
167
34
155
139
81
211
175
43
121
28
218
178
214
106
185
191
47
107
237
184
141
34
119
72
186
94
161
226
19
123
231
4
224
221
248
77
149
153
225
141
91
64
98
49
226
99
149
177
164
30
116
187
177
181
229
247
203
237
235
12
15
234
131
47
173
193
252
209
243
195
23
236
217
61
