884
654
380
1088
568
699
611
966
1161
61
57
570
520
105
435
1199
911
37
447
459
361
893
1000
830
1193
248
91
930
669
970
872
451
932
1066
1050
240
701
455
1146
898
114
502
160
877
1173
879
748
550
314
10
197
884
774
1188
400
329
309
646
83
434
210
423
938
797
739
929
585
155
83
162
243
294
708
996
1147
757
948
526
585
238
1136
1084
1040
1147
55
765
77
0
784
412
418
619
333
770
276
333
34
521
338
1193
657
244
1127
362
408
445
930
825
190
670
228
512
1033
1045
841
345
1172
482
762
1050
991
242
274
421
887
785
688
746
568
204
685
721
48
53
831
469
901
234
876
738
90
104
963
803
494
795
552
581
5
857
1054
640
1036
545
1178
1047
167
110
277
318
925
1152
1122
411
790
909
353
1008
244
67
1107
760
480
882
943
1008
262
952
1076
600
211
876
752
458
254
47
273
618
1013
1184
650
286
1049
95
360
48
365
196
597
258
811
561
861
562
104
661
895
574
313
451
406
953
662
290
1129
911
637
1158
96
1189
842
111
1016
612
581
672
936
120
429
34
805
292
516
746
67
888
123
729
1181
710
1152
1171
87
401
68
915
961
567
642
1100
1199
993
685
226
855
984
153
507
170
154
253
1104
583
973
295
840
637
692
336
839
863
880
673
914
413
344
23
535
592
587
452
1147
21
437
214
371
751
177
459
71
870
191
517
420
1012
54
410
306
738
731
655
677
478
739
439
1159
1168
21
1030
662
1102
19
1147
153
156
266
1149
1177
87
24
325
654
628
606
1181
1032
676
647
455
623
988
808
641
429
562
967
135
602
426
481
938
1080
242
966
368
1024
250
168
987
812
89
885
766
1127
491
1184
382
850
559
151
85
121
561
960
61
309
723
966
1179
787
273
611
937
965
933
461
1081
279
568
70
103
244
1147
1007
1199
442
261
285
334
124
717
127
317
343
1082
1006
1195
103
105
597
346
10
255
276
670
997
1199
624
785
886
30
509
650
106
790
30
462
1136
56
940
968
61
741
22
1126
49
63
1000
1172
458
619
479
109
711
1066
43
1182
1152
1000
998
269
629
740
324
458
692
417
1115
326
1023
781
1158
17
972
960
1045
152
15
135
502
559
485
18
218
698
419
123
1089
35
606
1032
487
487
876
1058
68
706
1035
1062
318
1052
304
1164
850
35
67
407
1091
827
633
652
785
1140
802
22
814
379
1172
793
301
68
504
694
1148
54
675
127
628
1111
296
331
1182
570
827
348
905
549
953
47
649
648
807
84
593
939
584
1151
324
440
1027
302
168
265
916
491
333
979
258
1012
1005
1043
337
1098
244
663
1193
935
786
464
70
387
398
870
161
88
941
397
143
501
228
664
57
624
90
187
284
95
481
164
1137
633
535
909
751
505
1160
1147
912
675
294
731
258
634
571
46
1167
144
590
529
655
431
629
531
716
552
906
241
678
1114
1089
676
376
1126
1097
1133
331
769
481
1167
314
41
940
478
421
731
664
487
377
148
939
64
928
710
624
881
374
1038
97
211
972
628
180
8
1120
515
11
780
1036
873
1047
26
541
289
973
881
1063
159
460
233
696
1051
493
705
538
370
796
683
349
314
182
362
532
885
867
714
127
743
103
497
521
171
355
1156
691
866
353
557
320
702
32
988
306
991
668
572
390
187
722
167
843
435
690
333
696
804
918
145
142
475
274
772
444
317
893
854
770
902
943
537
329
80
11
1017
609
1190
815
857
858
1033
169
560
7
643
557
1076
799
506
1060
245
390
1095
967
1005
92
8
540
839
36
115
416
30
120
348
22
775
587
425
798
737
143
819
394
11
872
864
158
55
673
383
278
719
909
339
459
613
353
1172
233
863
32
1042
651
18
694
700
808
1150
874
560
1187
795
254
963
813
338
88
147
477
15
918
363
979
502
525
695
313
515
947
9
363
838
78
907
537
303
1052
966
442
1159
980
642
387
895
1021
479
1129
1116
750
724
803
1140
230
741
227
1090
909
442
119
1184
426
654
683
5
1046
854
865
61
688
979
516
809
1139
1145
553
278
550
1056
38
882
306
1082
936
860
9
423
816
171
212
774
717
163
606
413
864
163
656
778
1004
242
700
107
1149
1004
926
555
106
1063
671
318
862
635
716
863
179
321
115
128
9
119
229
144
56
233
224
199
178
130
15
168
201
251
54
224
134
115
8
84
116
167
39
95
213
88
227
128
16
113
97
9
154
58
251
65
129
6
90
33
207
41
119
102
215
76
71
184
217
29
136
190
47
61
128
79
120
173
61
234
142
180
109
45
165
229
153
178
116
184
137
16
33
183
121
208
187
156
30
118
122
104
189
155
250
99
7
171
76
178
129
216
121
34
15
234
62
106
247
40
32
226
213
135
243
222
37
75
219
225
140
125
232
107
