57
714
639
146
400
5
362
911
1185
58
786
895
302
988
67
363
316
764
567
152
478
641
1079
696
697
716
673
1091
40
636
796
264
752
159
984
399
759
427
489
33
1041
540
982
969
1083
1166
668
717
1196
766
105
696
1080
748
614
282
503
83
256
138
45
197
219
206
197
99
234
30
212
212
39
146
236
216
143
219
151
74
159
104
83
133
234
138
165
249
91
212
170
114
100
238
170
175
227
242
204
206
110
68
63
86
93
138
69
29
184
94
118
216
43
186
33
29
13
12
83
102
87
5
205
189
127
124
88
49
235
122
49
213
44
207
21
180
231
140
129
196
158
83
27
41
184
56
14
32
163
67
233
195
79
69
170
187
241
70
169
116
224
37
152
87
147
223
64
183
206
98
86
119
32
81
47
194
172
39
132
118
77
101
168
166
46
138
108
170
132
145
133
194
219
71
96
150
79
129
180
233
11
248
91
52
237
97
179
149
213
31
17
219
22
203
113
153
10
71
31
85
165
228
50
69
35
5
231
90
229
73
208
204
161
161
243
100
39
149
27
40
216
178
207
50
207
240
56
33
251
243
110
249
78
29
19
31
245
82
109
236
91
230
120
223
215
142
92
62
183
68
6
26
167
37
228
249
197
193
118
186
86
118
72
83
37
249
22
105
194
170
226
250
87
49
151
191
5
172
169
248
233
245
114
19
21
73
68
37
213
16
235
246
112
143
237
145
76
